Water_Chloroform
8/31/2021 3:59 PM
Time [s]	ST [mN/m]	Volume [μl]
0.00	27.11	6.08
2.16	26.97	6.09
4.32	27.02	6.09
6.48	27.04	6.09
8.64	26.99	6.09
10.80	27.02	6.10
12.96	27.00	6.10
15.12	27.09	6.10
17.28	26.92	6.10
19.44	26.85	6.10
21.60	26.90	6.10
23.76	26.98	6.10
25.92	26.82	6.10
28.08	26.83	6.10
30.24	26.90	6.10
32.40	26.78	6.10
34.56	26.97	6.10
36.72	26.69	6.10
38.88	26.91	6.10
41.04	26.65	6.10
43.20	26.87	6.10
45.36	26.75	6.10
47.52	26.88	6.10
49.67	26.65	6.10
51.83	26.73	6.10
53.99	26.50	6.10
56.15	26.77	6.10
58.31	26.66	6.10
60.47	26.65	6.10
62.63	26.73	6.10
64.79	26.53	6.10
66.95	26.92	6.10
69.11	26.58	6.10
71.27	26.72	6.10
73.43	26.60	6.10
75.59	26.63	6.09
77.75	26.72	6.09
79.91	26.58	6.09
82.07	26.77	6.09
84.23	26.54	6.09
86.39	26.69	6.09
88.55	26.67	6.09
90.71	26.62	6.09
92.87	26.53	6.09
95.03	26.60	6.09
97.19	26.75	6.09
99.35	26.53	6.09
101.51	26.61	6.09
103.67	26.64	6.09
105.83	26.76	6.09
107.99	26.47	6.09
110.15	26.63	6.09
112.31	26.58	6.08
114.47	26.43	6.08
116.63	26.62	6.08
118.79	26.62	6.08
120.95	26.49	6.08
123.11	26.41	6.08
125.27	26.56	6.08
127.43	26.34	6.08
129.59	26.43	6.08
131.75	26.24	6.08
133.91	26.60	6.07
136.07	26.34	6.07
138.23	26.50	6.07
140.39	26.28	6.07
142.54	26.23	6.07
144.70	26.28	6.07
146.86	26.19	6.07
149.02	26.35	6.07
151.18	26.23	6.07
153.34	26.42	6.06
155.50	26.26	6.06
157.66	26.31	6.06
159.82	26.39	6.06
161.98	26.28	6.06
164.14	26.43	6.06
166.30	26.36	6.06
168.46	26.53	6.06
170.62	26.30	6.06
172.78	26.56	6.06
174.94	26.29	6.06
177.10	26.45	6.05
179.26	26.31	6.05
181.42	26.21	6.05
183.58	26.24	6.05
185.74	26.39	6.05
187.90	26.26	6.05
190.06	26.32	6.05
192.22	26.33	6.05
194.38	26.28	6.05
196.54	26.23	6.05
198.70	26.16	6.05
200.86	26.45	6.05
203.02	26.19	6.04
205.18	 	 
207.34	26.30	6.05
209.50	26.27	6.04
211.66	26.28	6.05
213.82	26.25	6.05
215.98	26.43	6.04
218.14	26.16	6.04
220.30	26.19	6.04
222.46	26.23	6.04
224.62	26.30	6.04
226.78	26.27	6.04
228.94	26.25	6.04
231.10	26.34	6.04
233.26	26.13	6.04
235.42	26.21	6.04
237.57	26.17	6.03
239.73	26.25	6.03
241.89	26.19	6.03
244.05	26.25	6.04
246.21	26.19	6.03
248.37	26.06	6.03
250.53	26.10	6.03
252.69	26.11	6.03
254.85	26.13	6.03
257.01	26.00	6.03
259.17	26.05	6.03
261.33	26.01	6.03
263.49	26.18	6.03
265.65	26.00	6.03
267.81	26.18	6.03
269.97	26.05	6.02
272.13	25.85	6.02
274.29	26.05	6.02
276.45	26.06	6.02
278.61	25.96	6.02
280.77	25.92	6.02
282.93	26.04	6.02
285.09	25.87	6.02
287.25	26.04	6.02
289.41	26.02	6.02
291.57	25.91	6.02
293.73	25.93	6.01
295.89	25.95	6.01
298.05	25.97	6.01
300.21	25.75	6.01
302.37	25.93	6.02
304.53	25.87	6.01
306.69	25.97	6.01
308.85	25.82	6.01
311.01	25.93	6.01
313.17	25.89	6.01
315.33	25.81	6.01
317.49	25.89	6.01
319.65	25.77	6.01
321.81	25.98	6.01
323.97	25.63	6.01
326.13	25.94	6.01
328.29	25.86	6.01
330.45	25.86	6.00
332.60	25.88	6.01
334.76	25.93	6.01
336.92	25.79	6.01
339.08	25.87	6.01
341.24	25.89	6.01
343.40	25.80	6.01
345.56	25.91	6.01
347.72	25.89	6.00
349.88	25.88	6.00
352.04	25.70	6.00
354.20	25.80	6.00
356.36	25.86	6.00
358.52	25.87	6.00
360.68	25.84	6.00
362.84	25.84	6.00
365.00	25.85	6.00
367.16	25.71	6.00
369.32	25.66	6.00
371.48	25.73	6.00
373.64	25.74	6.00
375.80	25.70	6.00
377.96	25.67	6.00
380.12	25.78	6.00
382.28	25.51	6.00
384.44	25.73	5.99
386.60	25.61	6.00
388.76	25.62	5.99
390.92	25.60	5.99
393.08	25.64	5.99
395.24	25.65	5.99
397.40	25.73	5.99
399.56	25.70	5.99
401.72	25.62	5.99
403.88	25.75	5.99
406.04	25.63	5.99
408.20	25.76	5.99
410.36	25.60	5.99
412.52	25.78	5.99
414.68	25.61	5.99
416.84	25.79	5.99
419.00	25.56	5.99
421.16	25.68	5.99
423.32	25.69	5.99
425.47	25.64	5.99
427.63	25.57	5.98
429.79	25.65	5.99
431.95	25.73	5.99
434.11	25.59	5.99
436.27	25.83	5.99
438.43	25.56	5.99
440.59	25.56	5.99
442.75	25.42	5.98
444.91	25.65	5.99
447.07	25.56	5.99
449.23	25.51	5.99
451.39	25.81	5.99
453.55	25.60	5.99
455.71	25.70	5.99
457.87	25.47	5.99
460.03	25.70	5.98
462.19	25.62	5.98
464.35	25.53	5.98
466.51	25.74	5.98
468.67	25.83	5.99
470.83	25.72	5.98
472.99	25.70	5.98
475.15	25.50	5.98
477.31	25.47	5.98
479.47	25.64	5.98
481.63	25.53	5.98
483.79	25.83	5.98
485.95	25.62	5.98
488.11	25.70	5.98
490.27	25.57	5.98
492.43	25.68	5.98
494.59	25.71	5.98
496.75	25.68	5.98
498.91	25.78	5.98
501.07	25.71	5.98
503.23	25.75	5.98
505.39	25.80	5.98
507.55	25.69	5.98
509.71	25.72	5.98
511.87	25.66	5.98
514.03	25.69	5.98
516.19	25.78	5.98
518.35	25.71	5.97
520.50	25.64	5.97
522.66	25.70	5.97
524.82	25.59	5.98
526.98	25.85	5.98
529.14	25.63	5.98
531.30	25.52	5.98
533.46	25.64	5.97
535.62	25.54	5.97
537.78	25.63	5.97
539.94	25.55	5.97
542.10	25.59	5.97
544.26	25.33	5.97
546.42	25.64	5.97
548.58	25.47	5.97
550.74	24.36	5.98
552.90	25.48	5.97
555.06	25.65	5.97
557.22	25.51	5.97
559.38	25.46	5.97
561.54	25.58	5.97
563.70	25.49	5.97
565.86	25.54	5.97
568.02	25.34	5.97
570.18	25.62	5.97
572.34	25.42	5.97
574.50	25.53	5.97
576.66	25.54	5.97
578.82	25.44	5.96
580.98	25.60	5.97
583.14	25.43	5.96
585.30	25.57	5.96
587.46	25.54	5.96
589.62	25.44	5.96
591.78	25.42	5.96
593.94	25.56	5.96
596.10	25.40	5.96
598.26	25.46	5.96
600.42	25.53	5.96
602.58	25.35	5.96
604.74	25.49	5.96
606.90	25.48	5.96
609.06	25.51	5.96
611.22	25.28	5.96
613.38	25.51	5.96
615.53	25.45	5.96
617.69	25.53	5.96
619.85	25.37	5.95
622.01	25.46	5.96
624.17	25.47	5.96
626.33	25.43	5.96
628.49	25.45	5.96
630.65	25.36	5.96
632.81	25.49	5.96
634.97	25.35	5.96
637.13	25.68	5.96
639.29	25.37	5.96
641.45	25.46	5.96
643.61	25.37	5.96
645.77	25.45	5.96
647.93	25.48	5.96
650.09	25.28	5.96
652.25	25.51	5.95
654.41	25.40	5.96
656.57	25.46	5.95
658.73	25.33	5.95
660.89	25.38	5.95
663.05	25.40	5.95
665.21	25.35	5.95
667.37	25.47	5.95
669.53	25.38	5.96
671.69	25.46	5.96
673.85	25.38	5.95
676.01	25.44	5.95
678.17	25.32	5.95
680.33	25.43	5.95
682.49	25.41	5.94
684.65	25.39	5.95
686.81	25.39	5.95
688.97	25.35	5.95
691.13	25.47	5.94
693.29	25.18	5.95
695.45	25.44	5.95
697.61	25.22	5.94
699.77	25.36	5.94
701.93	25.24	5.95
704.09	25.46	5.95
706.25	25.29	5.94
708.41	25.63	5.94
710.56	25.30	5.95
712.72	25.34	5.94
714.88	25.43	5.94
717.04	25.27	5.94
719.20	25.34	5.94
721.36	25.35	5.94
723.52	25.42	5.94
725.68	25.26	5.94
727.84	25.39	5.94
730.00	25.17	5.94
732.16	25.44	5.94
734.32	25.36	5.94
736.48	25.22	5.94
738.64	25.34	5.94
740.80	25.24	5.94
742.96	25.37	5.94
745.12	25.23	5.94
747.28	25.39	5.94
749.44	25.22	5.94
751.60	25.26	5.94
753.76	25.36	5.94
755.92	25.38	5.94
758.08	25.38	5.94
760.24	25.33	5.94
762.40	25.49	5.93
764.56	25.49	5.93
766.72	25.40	5.93
768.88	25.35	5.94
771.04	25.51	5.93
773.20	25.35	5.93
775.36	25.37	5.93
777.52	25.59	5.93
779.68	25.33	5.93
781.84	25.34	5.93
784.00	25.47	5.93
786.16	25.38	5.93
788.32	25.32	5.93
790.48	25.42	5.93
792.64	25.35	5.93
794.80	25.41	5.93
796.96	25.22	5.93
799.12	25.35	5.93
801.28	 	 
803.43	25.17	5.93
805.59	25.16	5.93
807.75	25.19	5.93
809.91	25.27	5.93
812.07	25.09	5.93
814.23	25.26	5.93
816.39	25.12	5.93
818.55	25.10	5.92
820.71	25.19	5.92
822.87	25.10	5.92
825.03	25.22	5.92
827.19	25.17	5.92
829.35	25.26	5.92
831.51	24.98	5.92
833.67	25.35	5.92
835.83	25.04	5.92
837.99	25.17	5.92
840.15	25.21	5.92
842.31	25.04	5.92
844.47	25.17	5.92
846.63	25.13	5.92
848.79	25.09	5.92
850.95	25.14	5.92
853.11	25.18	5.92
855.27	25.09	5.92
857.43	25.22	5.92
859.59	25.22	5.92
861.75	25.18	5.92
863.91	25.08	5.92
866.07	25.15	5.92
868.23	25.28	5.92
870.39	25.04	5.92
872.55	25.24	5.92
874.71	25.18	5.92
876.87	25.20	5.91
879.03	25.07	5.91
881.19	25.19	5.91
883.35	25.04	5.91
885.51	25.18	5.91
887.67	25.20	5.91
889.83	25.13	5.91
891.99	25.09	5.92
894.15	25.16	5.91
896.31	25.11	5.91
898.46	25.07	5.91
900.62	25.21	5.91
902.78	25.08	5.91
904.94	25.19	5.91
907.10	25.20	5.91
909.26	24.98	5.91
911.42	25.31	5.91
913.58	25.14	5.91
915.74	25.22	5.91
917.90	25.30	5.91
920.06	25.28	5.91
922.22	25.17	5.91
924.38	25.34	5.90
926.54	25.23	5.90
928.70	25.27	5.90
930.86	25.26	5.90
933.02	25.28	5.90
935.18	25.33	5.90
937.34	25.19	5.90
939.50	25.25	5.90
941.66	25.18	5.90
943.82	25.26	5.90
945.98	25.10	5.89
948.14	25.28	5.89
950.30	25.18	5.89
952.46	25.25	5.89
954.62	25.22	5.89
956.78	25.36	5.89
958.94	25.18	5.90
961.10	25.05	5.90
963.26	25.30	5.89
965.42	25.11	5.90
967.58	25.24	5.90
969.74	25.21	5.90
971.90	25.21	5.89
974.06	25.34	5.89
976.22	25.15	5.89
978.38	24.96	5.89
980.54	24.87	5.89
982.70	24.99	5.89
984.86	24.93	5.89
987.02	25.04	5.89
989.18	24.86	5.89
991.34	25.03	5.89
993.49	25.00	5.89
995.65	24.96	5.88
997.81	24.91	5.88
999.97	24.96	5.89
1002.13	24.94	5.89
1004.29	24.93	5.89
1006.45	25.01	5.89
1008.61	24.88	5.89
1010.77	24.89	5.89
1012.93	24.85	5.89
1015.09	24.97	5.88
1017.25	24.88	5.88
1019.41	24.80	5.88
1021.57	24.90	5.88
1023.73	25.16	5.88
1025.89	25.10	5.88
1028.05	25.02	5.88
1030.21	25.05	5.88
1032.37	24.77	5.88
1034.53	24.86	5.88
1036.69	24.82	5.88
1038.85	24.83	5.87
1041.01	24.86	5.87
1043.17	24.88	5.88
1045.33	24.97	5.87
1047.49	25.04	5.87
1049.65	25.17	5.88
1051.81	25.05	5.87
1053.97	25.19	5.87
1056.13	25.07	5.87
1058.29	25.20	5.87
1060.45	25.11	5.87
1062.61	25.05	5.87
1064.77	25.12	5.87
1066.93	25.01	5.87
1069.09	25.08	5.87
1071.25	24.96	5.86
1073.41	25.02	5.86
1075.57	24.79	5.87
1077.73	24.85	5.87
1079.89	24.68	5.86
1082.05	24.77	5.87
1084.21	24.71	5.87
1086.37	24.93	5.87
1088.52	24.87	5.86
1090.68	24.70	5.86
1092.84	24.93	5.87
1095.00	24.82	5.86
1097.16	24.90	5.87
1099.32	24.79	5.87
1101.48	24.77	5.86
1103.64	24.80	5.86
1105.80	25.01	5.86
1107.96	24.95	5.86
1110.12	25.03	5.86
1112.28	24.94	5.86
1114.44	24.74	5.86
1116.60	24.75	5.86
1118.76	24.77	5.86
1120.92	24.97	5.86
1123.08	24.75	5.86
1125.24	24.92	5.86
1127.40	24.83	5.86
1129.56	24.92	5.86
1131.72	25.14	5.86
1133.88	25.04	5.86
1136.04	24.99	5.86
1138.20	24.83	5.86
1140.36	25.08	5.85
1142.52	24.81	5.86
1144.68	24.87	5.85
1146.84	25.02	5.85
1149.00	24.96	5.85
1151.16	24.77	5.86
1153.32	24.93	5.86
1155.48	24.80	5.86
1157.64	24.79	5.86
1159.80	25.05	5.85
1161.96	24.97	5.85
1164.12	25.01	5.85
1166.28	25.05	5.85
1168.44	25.10	5.85
1170.60	24.91	5.85
1172.76	25.03	5.85
1174.92	17.10	6.37
1177.08	24.94	5.85
1179.24	24.78	5.85
1181.39	24.88	5.85
1183.55	24.86	5.85
1185.71	24.74	5.85
1187.87	24.77	5.85
1190.03	24.78	5.85
1192.19	24.87	5.85
1194.35	24.93	5.85
1196.51	24.80	5.85
1198.67	24.77	5.85
1200.83	24.66	5.85
1202.99	24.70	5.84
1205.15	24.80	5.85
1207.31	24.74	5.85
1209.47	24.75	5.84
1211.63	24.69	5.84
1213.79	24.66	5.84
1215.95	24.95	5.84
1218.11	24.65	5.84
1220.27	24.69	5.84
1222.43	24.92	5.83
1224.59	24.76	5.84
1226.75	24.98	5.84
1228.91	24.92	5.84
1231.07	25.05	5.84
1233.23	24.93	5.84
1235.39	24.93	5.84
1237.55	24.66	5.84
1239.71	24.71	5.84
1241.87	24.58	5.84
1244.03	24.71	5.84
1246.19	24.73	5.84
1248.35	24.72	5.84
1250.51	24.88	5.84
1252.67	24.83	5.84
1254.83	24.81	5.84
1256.99	24.74	5.84
1259.15	24.75	5.83
1261.31	24.67	5.83
1263.47	24.73	5.83
1265.63	24.76	5.83
1267.79	24.80	5.83
1269.95	24.79	5.83
1272.11	24.77	5.83
1274.27	24.76	5.83
1276.42	24.82	5.83
1278.58	24.74	5.83
1280.74	24.78	5.84
1282.90	24.84	5.84
1285.06	24.65	5.83
1287.22	24.72	5.83
1289.38	24.77	5.83
1291.54	24.71	5.83
1293.70	24.65	5.82
1295.86	24.72	5.82
1298.02	24.78	5.83
1300.18	24.69	5.83
1302.34	24.78	5.82
1304.50	24.65	5.82
1306.66	24.71	5.83
1308.82	24.68	5.82
1310.98	24.69	5.82
1313.14	24.69	5.83
1315.30	24.68	5.83
1317.46	24.75	5.83
1319.62	24.67	5.82
1321.78	24.62	5.82
1323.94	24.62	5.82
1326.10	24.76	5.82
1328.26	24.64	5.82
1330.42	24.77	5.82
1332.58	24.63	5.82
1334.74	24.69	5.82
1336.90	24.58	5.82
1339.06	24.77	5.82
1341.22	24.73	5.82
1343.38	24.57	5.81
1345.54	24.55	5.81
1347.70	24.84	5.81
1349.86	24.64	5.81
1352.02	24.49	5.81
1354.18	24.84	5.81
1356.34	24.57	5.81
1358.50	24.68	5.81
1360.66	24.64	5.81
1362.82	24.65	5.81
1364.98	24.61	5.81
1367.14	24.59	5.81
1369.30	24.61	5.81
1371.45	24.59	5.81
1373.61	24.56	5.81
1375.77	24.60	5.81
1377.93	24.67	5.81
1380.09	24.61	5.81
1382.25	24.64	5.81
1384.41	24.58	5.81
1386.57	24.59	5.80
1388.73	24.59	5.81
1390.89	 	 
1393.05	24.58	5.80
1395.21	24.47	5.80
1397.37	24.75	5.80
1399.53	24.53	5.80
1401.69	24.69	5.80
1403.85	24.50	5.80
1406.01	24.60	5.80
1408.17	24.71	5.80
1410.33	24.44	5.80
1412.49	24.65	5.80
1414.65	24.61	5.80
1416.81	24.55	5.80
1418.97	24.54	5.80
1421.13	24.65	5.80
1423.29	24.39	5.80
1425.45	24.68	5.80
1427.61	24.59	5.80
1429.77	24.67	5.80
1431.93	24.65	5.80
1434.09	24.75	5.80
1436.25	24.76	5.79
1438.41	24.59	5.80
1440.57	24.64	5.80
1442.73	24.45	5.79
1444.89	24.60	5.79
1447.05	24.51	5.79
1449.21	24.57	5.79
1451.37	24.66	5.79
1453.53	24.55	5.79
1455.69	24.56	5.79
1457.85	24.63	5.79
1460.01	24.59	5.79
1462.17	24.42	5.79
1464.33	24.70	5.79
1466.48	24.62	5.79
1468.64	24.61	5.79
1470.80	24.76	5.79
1472.96	24.75	5.79
1475.12	24.54	5.79
1477.28	24.57	5.79
1479.44	24.81	5.79
1481.60	24.50	5.79
1483.76	24.82	5.79
1485.92	24.71	5.79
1488.08	24.71	5.79
1490.24	24.46	5.79
1492.40	24.55	5.79
1494.56	24.53	5.79
1496.72	24.71	5.79
1498.88	24.61	5.79
1501.04	24.71	5.79
1503.20	24.71	5.79
1505.36	24.64	5.78
1507.52	24.79	5.78
1509.68	24.69	5.79
1511.84	24.64	5.78
1514.00	24.45	5.79
1516.16	24.62	5.78
1518.32	24.46	5.78
1520.48	24.58	5.79
1522.64	24.61	5.79
1524.80	24.63	5.78
1526.96	24.62	5.78
1529.12	24.55	5.78
1531.28	24.69	5.78
1533.44	24.65	5.78
1535.60	24.61	5.78
1537.76	24.59	5.78
1539.92	24.72	5.77
1542.08	24.77	5.78
1544.24	24.66	5.78
1546.40	24.76	5.77
1548.56	24.48	5.77
1550.72	24.59	5.77
1552.88	24.55	5.77
1555.04	24.73	5.77
1557.20	24.63	5.77
1559.35	24.71	5.77
1561.51	24.65	5.77
1563.67	24.62	5.77
1565.83	24.76	5.77
1567.99	24.63	5.76
1570.15	24.61	5.76
1572.31	24.42	5.76
1574.47	24.75	5.76
1576.63	24.51	5.76
1578.79	24.76	5.76
1580.95	24.60	5.76
1583.11	24.72	5.76
1585.27	24.62	5.76
1587.43	24.36	5.76
1589.59	24.42	5.76
1591.75	24.42	5.76
1593.91	24.51	5.75
1596.07	24.38	5.75
1598.23	24.45	5.75
1600.39	24.38	5.75
1602.55	24.26	5.75
1604.71	24.42	5.74
1606.87	24.57	5.75
1609.03	24.54	5.75
1611.19	24.44	5.75
1613.35	24.48	5.75
1615.51	24.26	5.75
1617.67	24.33	5.75
1619.83	24.36	5.75
1621.99	24.41	5.75
1624.15	24.26	5.74
1626.31	24.48	5.75
1628.47	24.46	5.75
1630.63	24.38	5.75
1632.79	24.28	5.75
1634.95	24.26	5.75
1637.11	24.41	5.75
1639.27	24.32	5.75
1641.43	24.48	5.75
1643.59	24.40	5.75
1645.75	24.42	5.75
1647.91	24.24	5.75
1650.07	24.41	5.75
1652.23	24.22	5.75
1654.38	24.38	5.75
1656.54	24.25	5.74
1658.70	24.32	5.75
1660.86	24.46	5.75
1663.02	24.58	5.75
1665.18	24.47	5.75
1667.34	24.47	5.75
1669.50	24.64	5.74
1671.66	24.47	5.75
1673.82	24.64	5.75
1675.98	24.46	5.75
1678.14	24.43	5.75
1680.30	24.44	5.75
1682.46	24.47	5.75
1684.62	24.59	5.74
1686.78	24.62	5.74
1688.94	24.48	5.75
1691.10	24.30	5.75
1693.26	24.43	5.74
1695.42	24.49	5.75
1697.58	24.36	5.74
1699.74	24.46	5.74
1701.90	24.44	5.74
1704.06	24.49	5.74
1706.22	24.51	5.74
1708.38	24.58	5.74
1710.54	24.39	5.74
1712.70	24.50	5.74
1714.86	24.43	5.74
1717.02	24.42	5.74
1719.18	24.25	5.74
1721.34	24.40	5.74
1723.50	24.48	5.73
1725.66	24.20	5.73
1727.82	24.36	5.74
1729.98	24.35	5.74
1732.14	24.57	5.74
1734.30	24.43	5.73
1736.46	24.70	5.73
1738.62	24.43	5.73
1740.78	24.65	5.73
1742.94	24.44	5.73
1745.10	24.58	5.73
1747.26	24.50	5.73
1749.41	24.45	5.73
1751.57	24.64	5.73
1753.73	24.41	5.73
1755.89	24.48	5.73
1758.05	24.42	5.72
1760.21	24.54	5.72
1762.37	24.47	5.72
1764.53	24.55	5.72
1766.69	24.48	5.72
1768.85	24.47	5.72
1771.01	24.60	5.72
1773.17	24.34	5.72
1775.33	24.62	5.72
1777.49	24.42	5.72
1779.65	24.49	5.72
1781.81	24.43	5.72
1783.97	24.53	5.72
1786.13	24.48	5.72
1788.29	24.52	5.72
1790.45	24.42	5.72
1792.61	24.17	5.72
1794.77	24.24	5.72
1796.93	24.32	5.72
1799.09	24.29	5.72
1801.25	24.16	5.72
1803.41	24.45	5.71
1805.57	24.17	5.72
1807.73	24.36	5.72
1809.89	24.22	5.71
1812.05	24.32	5.71
1814.21	24.13	5.71
1816.37	24.19	5.71
1818.53	24.18	5.71
1820.69	24.23	5.71
1822.85	24.24	5.71
1825.01	24.27	5.71
1827.17	24.30	5.71
1829.33	24.19	5.71
1831.49	24.19	5.71
1833.65	24.24	5.71
1835.81	24.17	5.71
1837.97	24.19	5.71
1840.13	24.31	5.71
1842.28	24.33	5.71
1844.44	24.33	5.71
1846.60	24.40	5.71
1848.76	24.42	5.71
1850.92	24.51	5.71
1853.08	24.20	5.71
1855.24	24.23	5.71
1857.40	24.36	5.71
1859.56	24.18	5.71
1861.72	24.29	5.71
1863.88	24.32	5.71
1866.04	24.20	5.71
1868.20	24.20	5.71
1870.36	24.26	5.71
1872.52	24.28	5.71
1874.68	24.42	5.71
1876.84	24.32	5.71
1879.00	24.48	5.71
1881.16	24.42	5.71
1883.32	24.35	5.71
1885.48	24.56	5.70
1887.64	24.42	5.70
1889.80	24.56	5.70
1891.96	24.39	5.70
1894.12	24.23	5.69
1896.28	24.11	5.70
1898.44	24.27	5.69
1900.60	24.29	5.69
1902.76	24.40	5.70
1904.92	24.37	5.70
1907.08	24.38	5.70
1909.24	24.28	5.70
1911.40	24.19	5.70
1913.56	24.24	5.71
1915.72	24.36	5.71
1917.88	24.40	5.70
1920.04	24.35	5.70
1922.20	24.35	5.69
1924.36	24.08	5.69
1926.52	24.04	5.69
1928.68	24.43	5.69
1930.84	24.24	5.69
1933.00	24.23	5.69
1935.16	24.48	5.70
1937.31	24.41	5.70
1939.47	24.30	5.70
1941.63	24.35	5.70
1943.79	24.18	5.69
1945.95	24.28	5.69
1948.11	24.42	5.69
1950.27	24.41	5.69
1952.43	24.54	5.69
1954.59	24.23	5.69
1956.75	24.27	5.69
1958.91	24.24	5.68
1961.07	24.46	5.68
1963.23	24.37	5.68
1965.39	24.43	5.68
1967.55	24.37	5.68
1969.71	24.46	5.68
1971.87	24.30	5.68
1974.03	24.41	5.68
1976.19	24.41	5.68
1978.35	24.46	5.68
1980.51	24.19	5.68
1982.67	24.09	5.68
1984.83	24.33	5.68
1986.99	24.17	5.68
1989.15	24.31	5.68
1991.31	24.02	5.68
1993.47	24.04	5.68
1995.63	24.28	5.68
1997.79	24.05	5.68
1999.95	24.16	5.68
2002.11	24.17	5.68
2004.27	24.19	5.68
2006.43	24.08	5.68
2008.59	24.13	5.68
2010.75	24.16	5.68
2012.91	24.14	5.68
2015.07	24.16	5.67
2017.23	24.14	5.67
2019.39	24.27	5.67
2021.55	24.15	5.67
2023.71	24.19	5.67
2025.87	24.02	5.67
2028.03	24.04	5.67
2030.19	24.04	5.67
2032.34	24.19	5.67
2034.50	24.13	5.67
2036.66	24.16	5.67
2038.82	24.23	5.67
2040.98	24.08	5.67
2043.14	24.17	5.67
2045.30	24.02	5.67
2047.46	24.12	5.67
2049.62	24.04	5.67
2051.78	24.14	5.67
2053.94	24.22	5.66
2056.10	23.98	5.66
2058.26	23.99	5.66
2060.42	24.08	5.67
2062.58	24.06	5.67
2064.74	24.15	5.67
2066.90	24.09	5.67
2069.06	23.97	5.67
2071.22	24.03	5.67
2073.38	24.24	5.66
2075.54	24.41	5.66
2077.70	24.25	5.66
2079.86	24.41	5.66
2082.02	24.26	5.66
2084.18	24.23	5.66
2086.34	24.39	5.66
2088.50	24.18	5.66
2090.66	24.22	5.66
2092.82	24.17	5.66
2094.98	24.17	5.66
2097.14	24.08	5.66
2099.30	24.14	5.66
2101.46	24.15	5.66
2103.62	24.16	5.66
2105.78	24.21	5.66
2107.94	24.33	5.66
2110.10	24.16	5.65
2112.26	24.22	5.65
2114.42	24.28	5.65
2116.58	24.07	5.65
2118.74	24.26	5.65
2120.90	24.18	5.65
2123.06	24.19	5.65
2125.22	24.27	5.65
2127.37	24.29	5.65
2129.53	24.21	5.65
2131.69	24.14	5.65
2133.85	24.14	5.66
2136.01	24.22	5.66
2138.17	24.27	5.65
2140.33	24.22	5.65
2142.49	24.33	5.65
2144.65	24.18	5.65
2146.81	24.22	5.65
2148.97	24.23	5.65
2151.13	24.30	5.64
2153.29	24.18	5.65
2155.45	24.23	5.64
2157.61	24.22	5.65
2159.77	 	 
2161.93	24.03	5.65
2164.09	24.03	5.65
2166.25	24.10	5.65
2168.41	24.05	5.65
2170.57	24.11	5.65
2172.73	24.26	5.65
2174.89	24.20	5.64
2177.05	24.15	5.64
2179.21	24.06	5.64
2181.37	24.01	5.64
2183.53	23.93	5.64
2185.69	24.07	5.64
2187.85	23.96	5.64
2190.01	24.22	5.64
2192.17	24.06	5.64
2194.33	24.18	5.64
2196.49	24.07	5.64
2198.65	23.93	5.64
2200.81	24.19	5.64
2202.97	24.19	5.64
2205.13	24.28	5.64
2207.29	23.96	5.64
2209.45	24.21	5.64
2211.61	24.03	5.64
2213.77	24.22	5.64
2215.93	24.04	5.63
2218.09	24.01	5.64
2220.24	23.83	5.63
2222.40	23.93	5.63
2224.56	24.21	5.63
2226.72	24.16	5.63
2228.88	24.25	5.63
2231.04	24.14	5.63
2233.20	24.19	5.63
2235.36	24.24	5.63
2237.52	24.14	5.63
2239.68	24.06	5.63
2241.84	24.36	5.63
2244.00	24.18	5.63
2246.16	24.15	5.63
2248.32	24.27	5.63
2250.48	23.97	5.63
2252.64	24.33	5.63
2254.80	24.14	5.63
2256.96	24.28	5.63
2259.12	24.12	5.62
2261.28	24.35	5.62
2263.44	24.17	5.62
2265.60	24.06	5.62
2267.76	24.10	5.62
2269.92	24.11	5.62
2272.08	24.22	5.62
2274.24	24.06	5.62
2276.40	24.27	5.62
2278.56	24.21	5.62
2280.72	24.19	5.62
2282.88	24.21	5.62
2285.04	24.28	5.62
2287.20	24.09	5.61
2289.36	23.99	5.61
2291.52	23.92	5.62
2293.68	23.80	5.61
2295.84	23.98	5.61
2298.00	23.95	5.61
2300.16	23.99	5.61
2302.32	23.75	5.62
2304.48	23.99	5.62
2306.64	23.85	5.61
2308.80	23.88	5.61
2310.96	24.16	5.61
2313.12	24.08	5.61
2315.27	24.04	5.61
2317.43	23.97	5.61
2319.59	23.96	5.61
2321.75	23.87	5.60
2323.91	23.93	5.61
2326.07	23.88	5.61
2328.23	23.93	5.61
2330.39	23.92	5.61
2332.55	23.87	5.61
2334.71	23.92	5.60
2336.87	23.85	5.60
2339.03	23.94	5.60
2341.19	23.74	5.61
2343.35	23.91	5.60
2345.51	23.80	5.60
2347.67	23.73	5.60
2349.83	23.78	5.60
2351.99	23.94	5.60
2354.15	23.85	5.61
2356.31	23.90	5.61
2358.47	23.92	5.61
2360.63	23.80	5.60
2362.79	24.13	5.60
2364.95	24.18	5.60
2367.11	24.20	5.60
2369.27	23.99	5.61
2371.43	24.37	5.61
2373.59	24.18	5.60
2375.75	24.15	5.60
2377.91	24.21	5.60
2380.07	23.85	5.59
2382.23	23.95	5.59
2384.39	23.73	5.60
2386.55	24.02	5.60
2388.71	23.88	5.59
2390.87	24.15	5.59
2393.03	24.05	5.59
2395.19	24.08	5.59
2397.35	24.01	5.59
2399.51	23.98	5.59
2401.67	24.20	5.59
2403.83	24.08	5.59
2405.99	24.16	5.59
2408.15	24.18	5.59
2410.30	24.00	5.59
2412.46	23.98	5.59
2414.62	23.97	5.59
2416.78	23.77	5.59
2418.94	23.90	5.59
2421.10	23.78	5.59
2423.26	23.89	5.59
2425.42	24.02	5.59
2427.58	24.22	5.59
2429.74	24.09	5.59
2431.90	23.98	5.59
2434.06	24.29	5.59
2436.22	24.24	5.59
2438.38	24.10	5.58
2440.54	23.75	5.58
2442.70	23.83	5.58
2444.86	23.80	5.58
2447.02	23.74	5.58
2449.18	23.88	5.58
2451.34	23.85	5.58
2453.50	24.06	5.58
2455.66	23.84	5.58
2457.82	23.95	5.58
2459.98	23.82	5.58
2462.14	23.86	5.58
2464.30	23.89	5.58
2466.46	24.96	5.60
2468.62	23.85	5.58
2470.78	23.63	5.58
2472.94	23.90	5.58
2475.10	23.79	5.58
2477.26	23.96	5.58
2479.42	23.67	5.58
2481.58	23.94	5.58
2483.74	24.16	5.58
2485.90	24.07	5.58
2488.06	24.02	5.59
2490.22	24.05	5.59
2492.38	23.84	5.59
2494.54	23.83	5.58
2496.70	24.21	5.58
2498.86	23.83	5.58
2501.02	24.03	5.58
2503.18	24.06	5.58
2505.33	24.05	5.58
2507.49	24.07	5.58
2509.65	24.03	5.58
2511.81	24.10	5.58
2513.97	23.95	5.58
2516.13	24.14	5.58
2518.29	23.95	5.58
2520.45	24.01	5.58
2522.61	23.89	5.58
2524.77	23.91	5.58
2526.93	23.88	5.58
2529.09	23.96	5.58
2531.25	23.85	5.58
2533.41	23.99	5.58
2535.57	23.94	5.57
2537.73	23.80	5.57
2539.89	23.97	5.57
2542.05	23.82	5.57
2544.21	23.97	5.57
2546.37	23.91	5.57
2548.53	23.91	5.57
2550.69	23.76	5.57
2552.85	23.94	5.57
2555.01	23.73	5.57
2557.17	23.89	5.56
2559.33	24.02	5.56
2561.49	23.89	5.57
2563.65	23.94	5.57
2565.81	23.90	5.56
2567.97	23.92	5.56
2570.13	24.03	5.56
2572.29	23.79	5.56
2574.45	23.66	5.56
2576.61	23.84	5.56
2578.77	23.96	5.56
2580.93	23.96	5.56
2583.09	23.89	5.56
2585.25	24.07	5.56
2587.41	24.05	5.55
2589.57	23.88	5.55
2591.73	24.03	5.55
2593.89	23.98	5.55
2596.05	24.03	5.55
2598.21	23.85	5.55
2600.36	23.91	5.55
2602.52	23.85	5.55
2604.68	23.77	5.55
2606.84	23.94	5.55
2609.00	23.96	5.55
2611.16	24.00	5.55
2613.32	23.87	5.55
2615.48	23.95	5.55
2617.64	23.76	5.55
2619.80	23.84	5.55
2621.96	23.98	5.55
2624.12	23.70	5.55
2626.28	23.75	5.55
2628.44	24.13	5.55
2630.60	23.82	5.55
2632.76	23.93	5.55
2634.92	24.08	5.55
2637.08	23.93	5.55
2639.24	23.99	5.55
2641.40	23.85	5.54
2643.56	23.86	5.54
2645.72	23.87	5.54
2647.88	23.65	5.54
2650.04	23.73	5.54
2652.20	23.66	5.55
2654.36	23.73	5.55
2656.52	23.65	5.54
2658.68	23.76	5.54
2660.84	23.89	5.55
2663.00	23.84	5.55
2665.16	23.76	5.55
2667.32	23.72	5.54
2669.48	23.73	5.54
2671.64	23.90	5.54
2673.80	23.89	5.54
2675.96	23.88	5.54
2678.12	23.90	5.54
2680.28	23.79	5.54
2682.44	24.04	5.54
2684.60	23.87	5.54
2686.76	23.85	5.54
2688.92	23.90	5.54
2691.08	23.80	5.53
2693.23	23.71	5.54
2695.39	24.03	5.54
2697.55	23.85	5.53
2699.71	23.77	5.54
2701.87	23.88	5.54
2704.03	23.87	5.54
2706.19	23.88	5.54
2708.35	23.72	5.53
2710.51	23.78	5.53
2712.67	23.73	5.54
2714.83	23.79	5.53
2716.99	23.78	5.53
2719.15	23.92	5.53
2721.31	23.91	5.53
2723.47	23.75	5.53
2725.63	23.82	5.53
2727.79	23.75	5.53
2729.95	23.76	5.53
2732.11	23.77	5.53
2734.27	23.82	5.53
2736.43	23.76	5.53
2738.59	23.65	5.53
2740.75	23.75	5.53
2742.91	23.76	5.53
2745.07	23.82	5.53
2747.23	23.85	5.53
2749.39	23.72	5.53
2751.55	23.68	5.52
2753.71	23.91	5.52
2755.87	23.71	5.52
2758.03	23.78	5.52
2760.19	23.79	5.52
2762.35	23.65	5.52
2764.51	23.78	5.52
2766.67	23.66	5.52
2768.83	23.71	5.52
2770.99	23.72	5.52
2773.15	23.76	5.51
2775.31	23.63	5.52
2777.47	23.79	5.52
2779.63	23.70	5.52
2781.79	23.74	5.52
2783.95	23.76	5.51
2786.11	23.81	5.51
2788.26	23.72	5.51
2790.42	23.73	5.51
2792.58	23.79	5.51
2794.74	23.80	5.51
2796.90	23.76	5.51
2799.06	23.73	5.51
2801.22	23.76	5.51
2803.38	23.72	5.51
2805.54	23.74	5.51
2807.70	23.64	5.51
2809.86	23.62	5.52
2812.02	23.64	5.51
2814.18	23.79	5.51
2816.34	18.38	5.73
2818.50	23.62	5.51
2820.66	23.92	5.51
2822.82	23.61	5.51
2824.98	23.78	5.51
2827.14	23.59	5.51
2829.30	23.67	5.51
2831.46	23.96	5.51
2833.62	23.88	5.51
2835.78	23.86	5.50
2837.94	23.54	5.50
2840.10	23.73	5.50
2842.26	23.67	5.50
2844.42	23.78	5.50
2846.58	23.67	5.50
2848.74	23.87	5.50
2850.90	23.82	5.50
2853.06	 	 
2855.22	23.71	5.50
2857.38	23.67	5.50
2859.54	23.74	5.50
2861.70	23.59	5.50
2863.86	23.52	5.50
2866.02	23.59	5.50
2868.18	23.71	5.50
2870.34	23.59	5.50
2872.50	23.62	5.50
2874.66	23.71	5.50
2876.82	23.80	5.50
2878.98	23.67	5.50
2881.14	23.87	5.50
2883.29	23.82	5.50
2885.45	23.73	5.50
2887.61	23.92	5.50
2889.77	23.60	5.50
2891.93	23.86	5.50
2894.09	23.69	5.50
2896.25	23.71	5.50
2898.41	23.85	5.49
2900.57	23.80	5.49
2902.73	23.92	5.49
2904.89	23.74	5.49
2907.05	23.78	5.49
2909.21	23.73	5.49
2911.37	23.85	5.49
2913.53	23.66	5.49
2915.69	23.62	5.49
2917.85	23.67	5.49
2920.01	23.65	5.49
2922.17	23.79	5.49
2924.33	23.67	5.49
2926.49	23.76	5.49
2928.65	23.71	5.49
2930.81	23.78	5.49
2932.97	23.81	5.48
2935.13	23.98	5.49
2937.29	23.68	5.49
2939.45	23.76	5.49
2941.61	23.80	5.48
2943.77	23.57	5.48
2945.93	23.61	5.48
2948.09	23.61	5.48
2950.25	23.62	5.48
2952.41	23.65	5.48
2954.57	23.60	5.48
2956.73	23.57	5.48
2958.89	23.56	5.48
2961.05	23.66	5.48
2963.21	23.64	5.48
2965.37	23.70	5.48
2967.53	23.55	5.48
2969.69	23.77	5.48
2971.85	23.60	5.48
2974.01	23.55	5.48
2976.17	23.64	5.47
2978.32	23.61	5.47
2980.48	23.60	5.47
2982.64	23.63	5.47
2984.80	23.64	5.47
2986.96	23.61	5.48
2989.12	23.61	5.47
2991.28	23.62	5.47
2993.44	23.74	5.47
2995.60	23.56	5.47
2997.76	23.66	5.47
2999.92	23.63	5.47
3002.08	23.64	5.47
3004.24	23.63	5.47
3006.40	23.67	5.47
3008.56	23.68	5.47
3010.72	23.75	5.47
3012.88	23.59	5.47
3015.04	23.58	5.47
3017.20	23.49	5.47
3019.36	23.47	5.47
3021.52	23.68	5.47
3023.68	23.66	5.47
3025.84	23.63	5.47
3028.00	23.67	5.47
3030.16	23.68	5.47
3032.32	23.59	5.47
3034.48	23.64	5.47
3036.64	23.63	5.47
3038.80	23.56	5.47
3040.96	23.61	5.47
3043.12	23.60	5.46
3045.28	23.62	5.46
3047.44	23.61	5.46
3049.60	23.73	5.46
3051.76	23.54	5.46
3053.92	23.54	5.46
3056.08	23.53	5.46
3058.24	23.55	5.46
3060.40	23.63	5.46
3062.56	23.39	5.46
3064.72	23.71	5.46
3066.88	23.75	5.46
3069.04	23.53	5.46
3071.20	23.65	5.46
3073.35	23.80	5.46
3075.51	23.51	5.46
3077.67	23.65	5.46
3079.83	23.48	5.46
3081.99	23.47	5.46
3084.15	23.67	5.46
3086.31	23.58	5.45
3088.47	23.65	5.45
3090.63	23.51	5.45
3092.79	23.56	5.45
3094.95	23.47	5.45
3097.11	23.58	5.45
3099.27	23.54	5.45
3101.43	23.48	5.45
3103.59	23.54	5.45
3105.75	23.46	5.45
3107.91	23.56	5.45
3110.07	23.53	5.45
3112.23	23.53	5.45
3114.39	23.48	5.45
3116.55	23.62	5.45
3118.71	23.57	5.45
3120.87	23.53	5.45
3123.03	23.48	5.45
3125.19	23.54	5.45
3127.35	23.59	5.44
3129.51	23.55	5.44
3131.67	23.58	5.45
3133.83	23.49	5.45
3135.99	23.72	5.45
3138.15	23.52	5.45
3140.31	23.47	5.45
3142.47	23.56	5.45
3144.63	23.40	5.45
3146.79	23.56	5.45
3148.95	23.47	5.45
3151.11	23.61	5.45
3153.27	23.58	5.45
3155.43	23.72	5.44
3157.59	23.44	5.44
3159.75	23.63	5.44
3161.91	23.52	5.44
3164.07	23.53	5.44
3166.22	23.48	5.44
3168.38	23.55	5.45
3170.54	23.57	5.44
3172.70	23.47	5.45
3174.86	23.55	5.45
3177.02	23.50	5.44
3179.18	23.48	5.44
3181.34	23.41	5.44
3183.50	23.56	5.44
3185.66	23.51	5.44
3187.82	23.59	5.44
3189.98	23.54	5.43
3192.14	23.50	5.43
3194.30	23.60	5.44
3196.46	23.27	5.44
3198.62	23.57	5.44
3200.78	23.48	5.44
3202.94	23.47	5.44
3205.10	23.54	5.44
3207.26	23.67	5.44
3209.42	23.42	5.43
3211.58	23.59	5.44
3213.74	23.60	5.43
3215.90	23.44	5.43
3218.06	23.53	5.43
3220.22	23.43	5.43
3222.38	23.52	5.43
3224.54	23.43	5.43
3226.70	23.64	5.43
3228.86	23.42	5.43
3231.02	23.49	5.43
3233.18	23.47	5.43
3235.34	23.38	5.43
3237.50	23.59	5.43
3239.66	23.44	5.43
3241.82	23.61	5.43
3243.98	23.39	5.43
3246.14	23.56	5.43
3248.30	23.46	5.43
3250.46	23.57	5.43
3252.62	23.46	5.43
3254.78	23.46	5.43
3256.94	23.47	5.43
3259.10	23.50	5.42
3261.25	23.55	5.43
3263.41	23.39	5.42
3265.57	23.61	5.42
3267.73	23.53	5.42
3269.89	23.41	5.42
3272.05	23.47	5.42
3274.21	23.65	5.42
3276.37	23.44	5.43
3278.53	23.55	5.42
3280.69	23.59	5.42
3282.85	23.45	5.42
3285.01	23.63	5.42
3287.17	23.45	5.42
3289.33	23.61	5.42
3291.49	23.41	5.42
3293.65	23.69	5.42
3295.81	23.40	5.42
3297.97	23.51	5.42
3300.13	23.49	5.42
3302.29	23.50	5.42
3304.45	23.51	5.42
3306.61	23.43	5.42
3308.77	23.63	5.41
3310.93	23.40	5.42
3313.09	23.62	5.42
3315.25	23.37	5.42
3317.41	23.58	5.41
3319.57	23.36	5.42
3321.73	23.43	5.41
3323.89	23.60	5.41
3326.05	23.46	5.42
3328.21	23.52	5.42
3330.37	23.57	5.42
3332.53	23.59	5.42
3334.69	23.33	5.42
3336.85	23.65	5.41
3339.01	23.42	5.41
3341.17	23.48	5.41
3343.33	23.46	5.41
3345.49	23.53	5.42
3347.65	23.54	5.42
3349.81	23.44	5.41
3351.97	23.42	5.41
3354.13	23.43	5.41
3356.28	23.47	5.41
3358.44	23.34	5.41
3360.60	23.51	5.41
3362.76	23.49	5.41
3364.92	23.48	5.41
3367.08	23.45	5.41
3369.24	23.43	5.41
3371.40	23.53	5.41