0.1%AL_CLF
9/2/2021 6:06 PM
Time [s]	ST [mN/m]	Volume [μl]
0.00	15.72	7.61
2.16	15.51	7.61
4.32	15.37	7.61
6.48	15.19	7.61
8.64	15.12	7.62
10.80	15.00	7.62
12.96	14.91	7.62
15.12	14.79	7.62
17.28	14.71	7.61
19.44	14.64	7.62
21.60	14.51	7.62
23.76	14.51	7.62
25.92	14.45	7.62
28.08	14.37	7.62
30.24	14.34	7.62
32.40	14.27	7.62
34.56	14.24	7.62
36.72	13.96	7.62
38.88	14.13	7.62
41.04	14.10	7.62
43.20	14.07	7.62
45.36	14.01	7.62
47.51	13.96	7.61
49.67	13.94	7.62
51.83	13.90	7.62
53.99	13.88	7.62
56.15	13.84	7.62
58.31	13.80	7.62
60.47	13.77	7.62
62.63	13.72	7.62
64.79	13.69	7.62
66.95	13.70	7.62
69.11	13.62	7.62
71.27	13.60	7.62
73.43	13.59	7.62
75.59	13.53	7.62
77.75	13.52	7.62
79.91	13.47	7.61
82.07	13.47	7.62
84.23	13.44	7.61
86.39	13.38	7.62
88.55	13.37	7.62
90.71	13.33	7.61
92.87	13.31	7.62
95.03	13.27	7.62
97.19	13.26	7.62
99.35	13.23	7.62
101.51	13.16	7.62
103.67	13.19	7.62
105.83	13.12	7.62
107.99	13.11	7.62
110.15	13.10	7.62
112.31	13.08	7.62
114.47	13.04	7.62
116.63	13.06	7.62
118.79	13.01	7.62
120.95	13.03	7.62
123.11	13.00	7.62
125.27	12.96	7.62
127.43	12.94	7.62
129.59	12.95	7.62
131.75	12.93	7.62
133.91	12.92	7.62
136.07	12.90	7.61
138.23	12.85	7.61
140.39	12.89	7.61
142.54	12.81	7.61
144.70	12.83	7.61
146.86	12.83	7.61
149.02	12.77	7.61
151.18	12.82	7.61
153.34	12.73	7.61
155.50	12.74	7.61
157.66	12.75	7.61
159.82	12.73	7.61
161.98	12.68	7.61
164.14	12.68	7.61
166.30	12.68	7.61
168.46	12.67	7.61
170.62	12.63	7.61
172.78	12.60	7.61
174.94	12.63	7.61
177.10	12.62	7.61
179.26	12.56	7.61
181.42	12.56	7.61
183.58	12.59	7.61
185.74	12.58	7.62
187.90	12.54	7.62
190.06	 	 
192.22	12.52	7.62
194.38	12.55	7.61
196.54	12.49	7.61
198.70	12.48	7.61
200.86	12.49	7.61
203.02	12.51	7.61
205.18	12.49	7.61
207.34	12.46	7.61
209.50	12.45	7.61
211.66	12.43	7.61
213.82	12.48	7.61
215.98	12.43	7.61
218.14	12.42	7.61
220.30	12.40	7.61
222.46	12.43	7.61
224.62	12.41	7.61
226.78	12.38	7.61
228.94	12.37	7.61
231.10	12.41	7.61
233.26	12.40	7.61
235.42	12.37	7.61
237.57	12.36	7.61
239.73	12.35	7.61
241.89	12.37	7.61
244.05	12.36	7.61
246.21	12.34	7.61
248.37	12.35	7.61
250.53	12.32	7.61
252.69	12.33	7.61
254.85	12.33	7.61
257.01	12.33	7.61
259.17	12.31	7.60
261.33	12.33	7.60
263.49	12.32	7.61
265.65	12.32	7.60
267.81	12.31	7.60
269.97	12.28	7.60
272.13	12.31	7.60
274.29	12.28	7.60
276.45	12.28	7.60
278.61	12.30	7.60
280.77	12.27	7.60
282.93	12.27	7.60
285.09	12.26	7.60
287.25	12.27	7.60
289.41	12.27	7.60
291.57	12.26	7.60
293.73	12.26	7.60
295.89	12.26	7.60
298.05	12.25	7.59
300.21	12.25	7.59
302.37	12.25	7.60
304.53	12.25	7.59
306.69	12.23	7.60
308.85	12.25	7.60
311.01	12.22	7.59
313.17	12.23	7.59
315.33	12.24	7.59
317.49	12.23	7.59
319.65	12.24	7.59
321.81	12.23	7.59
323.97	12.21	7.59
326.13	12.22	7.59
328.29	12.20	7.59
330.45	12.23	7.59
332.60	12.20	7.59
334.76	12.22	7.59
336.92	12.20	7.59
339.08	12.22	7.59
341.24	12.21	7.59
343.40	12.21	7.59
345.56	12.21	7.59
347.72	12.21	7.59
349.88	12.21	7.59
352.04	12.21	7.59
354.20	12.20	7.59
356.36	12.22	7.59
358.52	12.20	7.59
360.68	12.20	7.59
362.84	12.20	7.58
365.00	12.21	7.58
367.16	12.19	7.58
369.32	12.22	7.58
371.48	12.22	7.58
373.64	12.21	7.58
375.80	12.21	7.58
377.96	12.21	7.58
380.12	12.22	7.58
382.28	12.23	7.58
384.44	12.24	7.58
386.60	12.26	7.58
388.76	12.23	7.58
390.92	12.22	7.58
393.08	12.24	7.58
395.24	12.22	7.58
397.40	12.24	7.58
399.56	12.21	7.57
401.72	12.22	7.57
403.88	12.22	7.58
406.04	12.22	7.57
408.20	12.24	7.58
410.36	12.22	7.58
412.52	12.21	7.58
414.68	12.23	7.57
416.84	12.25	7.57
419.00	12.23	7.57
421.16	12.23	7.57
423.32	12.22	7.57
425.48	12.22	7.57
427.63	12.23	7.57
429.79	12.23	7.57
431.95	12.24	7.57
434.11	12.22	7.57
436.27	12.22	7.57
438.43	12.21	7.57
440.59	12.20	7.57
442.75	12.22	7.57
444.91	12.22	7.57
447.07	12.23	7.57
449.23	12.20	7.57
451.39	12.24	7.57
453.55	12.19	7.57
455.71	12.24	7.57
457.87	12.20	7.57
460.03	12.21	7.57
462.19	12.21	7.57
464.35	12.19	7.57
466.51	12.23	7.57
468.67	12.20	7.57
470.83	12.20	7.57
472.99	12.20	7.57
475.15	12.19	7.56
477.31	12.19	7.56
479.47	12.19	7.56
481.63	12.18	7.56
483.79	12.17	7.56
485.95	12.18	7.56
488.11	12.17	7.56
490.27	12.18	7.56
492.43	12.17	7.56
494.59	12.17	7.56
496.75	12.17	7.56
498.91	12.17	7.56
501.07	12.15	7.56
503.23	12.18	7.56
505.39	12.15	7.56
507.55	12.15	7.56
509.71	12.17	7.56
511.87	12.14	7.56
514.03	12.15	7.56
516.19	12.15	7.56
518.35	12.14	7.56
520.50	12.16	7.56
522.66	12.14	7.56
524.82	12.15	7.56
526.98	12.14	7.56
529.14	12.15	7.56
531.30	12.15	7.56
533.46	12.14	7.56
535.62	12.13	7.56
537.78	12.14	7.56
539.94	12.13	7.56
542.10	12.13	7.56
544.26	12.13	7.55
546.42	12.14	7.55
548.58	12.13	7.56
550.74	12.14	7.56
552.90	12.13	7.55
555.06	12.11	7.56
557.22	12.13	7.56
559.38	12.13	7.56
561.54	12.14	7.56
563.70	12.14	7.56
565.86	12.12	7.56
568.02	12.11	7.56
570.18	12.11	7.56
572.34	12.09	7.56
574.50	12.11	7.55
576.66	12.10	7.56
578.82	12.12	7.56
580.98	12.11	7.56
583.14	12.10	7.55
585.30	12.11	7.55
587.46	12.09	7.55
589.62	12.12	7.55
591.78	12.10	7.55
593.94	12.11	7.55
596.10	12.10	7.55
598.26	12.10	7.55
600.42	12.11	7.55
602.58	12.08	7.55
604.74	12.11	7.55
606.90	12.10	7.55
609.06	12.10	7.55
611.22	12.09	7.55
613.38	12.08	7.54
615.53	12.08	7.54
617.69	12.09	7.54
619.85	12.09	7.55
622.01	12.10	7.55
624.17	12.09	7.55
626.33	12.08	7.55
628.49	12.08	7.54
630.65	12.09	7.54
632.81	12.08	7.54
634.97	12.06	7.54
637.13	12.10	7.54
639.29	12.06	7.54
641.45	12.09	7.54
643.61	12.08	7.54
645.77	12.06	7.54
647.93	12.09	7.54
650.09	12.05	7.54
652.25	12.10	7.54
654.41	12.07	7.54
656.57	12.07	7.54
658.73	12.08	7.54
660.89	12.08	7.54
663.05	12.06	7.54
665.21	12.07	7.54
667.37	12.07	7.54
669.53	12.06	7.54
671.69	12.07	7.54
673.85	12.07	7.54
676.01	12.07	7.54
678.17	12.08	7.54
680.33	12.08	7.54
682.49	12.06	7.54
684.65	12.07	7.54
686.81	12.07	7.54
688.97	12.03	7.54
691.13	12.07	7.54
693.29	12.05	7.54
695.45	12.09	7.55
697.61	12.08	7.54
699.77	12.07	7.54
701.93	12.07	7.54
704.09	12.06	7.54
706.25	12.05	7.54
708.41	12.08	7.54
710.56	12.03	7.54
712.72	12.07	7.53
714.88	12.05	7.54
717.04	12.06	7.53
719.20	12.05	7.53
721.36	12.06	7.54
723.52	12.05	7.54
725.68	12.06	7.54
727.84	12.05	7.53
730.00	12.05	7.53
732.16	12.07	7.53
734.32	12.03	7.53
736.48	12.05	7.53
738.64	12.04	7.53
740.80	12.04	7.54
742.96	12.05	7.53
745.12	12.04	7.53
747.28	12.04	7.52
749.44	12.04	7.53
751.60	12.04	7.53
753.76	12.04	7.53
755.92	12.05	7.53
758.08	12.05	7.53
760.24	12.04	7.53
762.40	12.03	7.53
764.56	12.03	7.52
766.72	12.05	7.53
768.88	12.02	7.53
771.04	 	 
773.20	12.03	7.53
775.36	12.07	7.53
777.52	12.03	7.52
779.68	12.03	7.52
781.84	12.06	7.52
784.00	12.03	7.52
786.16	12.03	7.52
788.32	12.04	7.52
790.48	12.06	7.52
792.64	12.05	7.52
794.80	12.04	7.52
796.96	12.04	7.52
799.12	12.03	7.53
801.28	12.03	7.53
803.44	12.04	7.52
805.59	12.04	7.52
807.75	12.03	7.52
809.91	12.05	7.52
812.07	12.02	7.52
814.23	12.05	7.52
816.39	12.03	7.53
818.55	12.03	7.53
820.71	12.03	7.53
822.87	12.02	7.53
825.03	12.01	7.53
827.19	12.04	7.53
829.35	12.05	7.53
831.51	12.03	7.53
833.67	12.05	7.53
835.83	12.01	7.54
837.99	12.04	7.54
840.15	12.03	7.54
842.31	12.07	7.54
844.47	12.01	7.54
846.63	12.03	7.54
848.79	12.03	7.54
850.95	12.03	7.54
853.11	12.06	7.54
855.27	12.03	7.54
857.43	12.03	7.54
859.59	12.04	7.54
861.75	12.03	7.54
863.91	12.03	7.54
866.07	12.04	7.54
868.23	12.02	7.54
870.39	12.03	7.54
872.55	12.04	7.55
874.71	12.01	7.55
876.87	12.03	7.55
879.03	12.03	7.55
881.19	12.02	7.55
883.35	12.04	7.55
885.51	 	 
887.67	12.02	7.55
889.83	12.02	7.55
891.99	12.02	7.55
894.15	12.01	7.55
896.31	12.03	7.55
898.47	12.00	7.55
900.62	12.01	7.55
902.78	12.00	7.55
904.94	12.03	7.55
907.10	12.04	7.56
909.26	12.01	7.55
911.42	11.99	7.55
913.58	12.03	7.55
915.74	12.01	7.55
917.90	12.01	7.55
920.06	12.00	7.55
922.22	12.01	7.55
924.38	12.01	7.55
926.54	12.01	7.55
928.70	12.01	7.55
930.86	12.01	7.55
933.02	12.00	7.55
935.18	12.00	7.55
937.34	12.00	7.55
939.50	11.99	7.55
941.66	11.99	7.55
943.82	11.99	7.55
945.98	11.99	7.55
948.14	11.99	7.54
950.30	12.02	7.54
952.46	11.99	7.54
954.62	11.98	7.54
956.78	12.00	7.54
958.94	12.00	7.54
961.10	11.97	7.54
963.26	11.97	7.53
965.42	12.00	7.53
967.58	11.96	7.53
969.74	11.98	7.53
971.90	11.98	7.53
974.06	11.98	7.53
976.22	11.97	7.53
978.38	11.95	7.53
980.54	11.98	7.53
982.70	11.97	7.53
984.86	11.94	7.52
987.02	11.96	7.52
989.18	11.98	7.53
991.34	11.97	7.52
993.49	11.96	7.52
995.65	11.96	7.52
997.81	11.95	7.52
999.97	11.96	7.52
1002.13	11.94	7.51
1004.29	11.94	7.51
1006.45	11.96	7.51
1008.61	11.94	7.51
1010.77	11.94	7.50
1012.93	11.95	7.51
1015.09	11.93	7.50
1017.25	11.96	7.50
1019.41	11.92	7.50
1021.57	11.91	7.50
1023.73	11.93	7.50
1025.89	11.93	7.50
1028.05	11.93	7.49
1030.21	11.90	7.49
1032.37	11.96	7.50
1034.53	11.95	7.49
1036.69	11.90	7.49
1038.85	11.88	7.49
1041.01	11.94	7.49
1043.17	11.94	7.49
1045.33	11.90	7.49
1047.49	11.89	7.49
1049.65	11.92	7.49
1051.81	11.92	7.49
1053.97	11.92	7.49
1056.13	11.89	7.48
1058.29	11.91	7.48
1060.45	11.89	7.48
1062.61	11.93	7.48
1064.77	11.91	7.48
1066.93	11.88	7.48
1069.09	11.92	7.48
1071.25	11.89	7.48
1073.41	11.89	7.48
1075.57	11.91	7.48
1077.73	11.90	7.48
1079.89	11.92	7.48
1082.05	11.89	7.48
1084.21	11.94	7.48
1086.37	11.89	7.47
1088.52	11.89	7.47
1090.68	11.90	7.47
1092.84	11.92	7.47
1095.00	11.89	7.47
1097.16	11.91	7.47
1099.32	11.90	7.47
1101.48	11.86	7.46
1103.64	11.92	7.47
1105.80	11.89	7.47
1107.96	11.88	7.47
1110.12	11.90	7.47
1112.28	11.87	7.47
1114.44	11.90	7.46
1116.60	11.90	7.46
1118.76	11.87	7.46
1120.92	11.90	7.46
1123.08	11.89	7.46
1125.24	11.85	7.46
1127.40	11.91	7.46
1129.56	11.90	7.46
1131.72	11.88	7.46
1133.88	11.90	7.45
1136.04	11.88	7.45
1138.20	11.86	7.45
1140.36	11.90	7.45
1142.52	11.89	7.45
1144.68	11.84	7.45
1146.84	11.91	7.45
1149.00	11.87	7.44
1151.16	11.88	7.44
1153.32	11.89	7.44
1155.48	11.87	7.44
1157.64	11.88	7.44
1159.80	11.86	7.44
1161.96	11.89	7.44
1164.12	11.86	7.44
1166.28	11.90	7.44
1168.44	11.87	7.43
1170.60	11.85	7.44
1172.76	11.86	7.44
1174.92	11.88	7.44
1177.08	11.86	7.43
1179.24	11.88	7.43
1181.40	11.90	7.43
1183.55	11.86	7.43
1185.71	11.88	7.43
1187.87	11.87	7.43
1190.03	11.87	7.43
1192.19	11.87	7.43
1194.35	11.90	7.43
1196.51	11.87	7.42
1198.67	11.84	7.42
1200.83	11.87	7.42
1202.99	11.86	7.42
1205.15	11.87	7.42
1207.31	11.85	7.42
1209.47	11.86	7.42
1211.63	11.88	7.42
1213.79	11.81	7.42
1215.95	11.89	7.42
1218.11	11.87	7.42
1220.27	11.84	7.42
1222.43	11.85	7.42
1224.59	11.89	7.42
1226.75	11.86	7.42
1228.91	11.85	7.41
1231.07	11.87	7.41
1233.23	11.86	7.41
1235.39	11.84	7.41
1237.55	11.84	7.41
1239.71	11.87	7.41
1241.87	11.85	7.40
1244.03	11.82	7.40
1246.19	11.87	7.40
1248.35	11.87	7.40
1250.51	11.84	7.40
1252.67	11.84	7.40
1254.83	11.87	7.40
1256.99	11.84	7.40
1259.15	11.82	7.40
1261.31	11.85	7.39
1263.47	11.86	7.40
1265.63	11.87	7.39
1267.79	11.82	7.39
1269.95	11.88	7.39
1272.11	 	 
1274.27	11.84	7.39
1276.43	11.82	7.39
1278.58	11.85	7.39
1280.74	11.86	7.39
1282.90	11.82	7.38
1285.06	11.83	7.38
1287.22	11.84	7.38
1289.38	11.84	7.38
1291.54	11.81	7.38
1293.70	11.84	7.41
1295.86	11.84	7.38
1298.02	11.85	7.38
1300.18	11.83	7.38
1302.34	11.81	7.38
1304.50	11.83	7.38
1306.66	11.85	7.38
1308.82	11.85	7.38
1310.98	11.81	7.38
1313.14	11.82	7.38
1315.30	11.84	7.38
1317.46	11.85	7.38
1319.62	11.81	7.38
1321.78	11.81	7.38
1323.94	11.82	7.38
1326.10	11.86	7.37
1328.26	11.83	7.37
1330.42	11.80	7.37
1332.58	11.79	7.37
1334.74	11.86	7.37
1336.90	11.80	7.37
1339.06	11.84	7.37
1341.22	11.79	7.37
1343.38	11.81	7.37
1345.54	11.84	7.37
1347.70	11.79	7.37
1349.86	11.80	7.36
1352.02	11.79	7.36
1354.18	11.82	7.36
1356.34	11.84	7.37
1358.50	11.83	7.36
1360.66	11.78	7.36
1362.82	11.79	7.36
1364.98	11.82	7.36
1367.14	11.82	7.36
1369.30	11.80	7.36
1371.45	11.79	7.36
1373.61	11.79	7.36
1375.77	11.78	7.35
1377.93	11.80	7.35
1380.09	11.83	7.36
1382.25	11.77	7.35
1384.41	11.77	7.35
1386.57	11.81	7.35
1388.73	11.81	7.35
1390.89	11.80	7.35
1393.05	11.79	7.35
1395.21	11.80	7.35
1397.37	11.78	7.35
1399.53	11.78	7.35
1401.69	11.79	7.34
1403.85	11.77	7.34
1406.01	11.76	7.34
1408.17	11.76	7.34
1410.33	11.77	7.34
1412.49	11.79	7.34
1414.65	11.80	7.34
1416.81	11.80	7.34
1418.97	11.81	7.34
1421.13	11.79	7.34
1423.29	11.79	7.34
1425.45	11.78	7.34
1427.61	11.76	7.34
1429.77	11.75	7.34
1431.93	11.77	7.33
1434.09	11.75	7.33
1436.25	11.76	7.33
1438.41	11.79	7.33
1440.57	11.78	7.33
1442.73	11.79	7.33
1444.89	11.78	7.33
1447.05	11.76	7.33
1449.21	11.76	7.33
1451.37	11.76	7.33
1453.53	11.73	7.32
1455.69	11.74	7.32
1457.85	11.75	7.32
1460.01	11.78	7.32
1462.17	11.79	7.32
1464.33	11.76	7.32
1466.48	11.76	7.32
1468.64	11.76	7.32
1470.80	11.76	7.31
1472.96	11.76	7.32
1475.12	11.76	7.32
1477.28	11.73	7.32
1479.44	11.73	7.31
1481.60	11.77	7.31
1483.76	11.76	7.31
1485.92	11.78	7.31
1488.08	11.78	7.31
1490.24	11.76	7.31
1492.40	11.77	7.31
1494.56	11.77	7.31
1496.72	11.73	7.31
1498.88	11.74	7.31
1501.04	11.71	7.31
1503.20	11.74	7.30
1505.36	11.74	7.30
1507.52	11.75	7.30
1509.68	11.77	7.30
1511.84	11.76	7.31
1514.00	11.77	7.30
1516.16	11.76	7.30
1518.32	11.78	7.31
1520.48	11.72	7.30
1522.64	11.71	7.30
1524.80	11.73	7.30
1526.96	11.73	7.30
1529.12	11.73	7.30
1531.28	11.73	7.30
1533.44	11.73	7.29
1535.60	11.73	7.29
1537.76	11.74	7.29
1539.92	11.76	7.29
1542.08	11.72	7.29
1544.24	11.74	7.29
1546.40	11.76	7.29
1548.56	11.72	7.29
1550.72	11.72	7.29
1552.88	11.72	7.28
1555.04	11.71	7.28
1557.20	11.71	7.28
1559.36	11.72	7.28
1561.51	11.70	7.28
1563.67	11.75	7.28
1565.83	11.75	7.28
1567.99	11.73	7.28
1570.15	11.73	7.28
1572.31	11.73	7.28
1574.47	11.71	7.28
1576.63	11.73	7.28
1578.79	11.72	7.27
1580.95	11.71	7.27
1583.11	11.71	7.27
1585.27	11.71	7.27
1587.43	11.70	7.27
1589.59	11.69	7.27
1591.75	11.68	7.27
1593.91	11.71	7.27
1596.07	11.72	7.26
1598.23	11.72	7.27
1600.39	11.72	7.27
1602.55	11.73	7.27
1604.71	11.70	7.26
1606.87	11.71	7.26
1609.03	11.68	7.26
1611.19	11.71	7.26
1613.35	11.68	7.26
1615.51	11.70	7.25
1617.67	11.73	7.25
1619.83	11.72	7.25
1621.99	11.71	7.25
1624.15	11.72	7.25
1626.31	11.68	7.25
1628.47	11.69	7.25
1630.63	11.69	7.25
1632.79	11.67	7.24
1634.95	11.69	7.24
1637.11	11.70	7.25
1639.27	11.71	7.25
1641.43	11.73	7.25
1643.59	11.70	7.24
1645.75	11.71	7.24
1647.91	11.70	7.24
1650.07	11.67	7.24
1652.23	11.68	7.24
1654.39	11.67	7.24
1656.54	11.67	7.24
1658.70	11.69	7.24
1660.86	11.69	7.23
1663.02	11.70	7.23
1665.18	11.70	7.23
1667.34	11.69	7.24
1669.50	11.69	7.23
1671.66	11.69	7.23
1673.82	11.68	7.23
1675.98	11.67	7.23
1678.14	11.65	7.23
1680.30	11.65	7.23
1682.46	11.65	7.23
1684.62	11.66	7.23
1686.78	11.66	7.23
1688.94	11.68	7.22
1691.10	11.68	7.22
1693.26	11.68	7.22
1695.42	11.70	7.22
1697.58	11.69	7.22
1699.74	11.67	7.22
1701.90	11.68	7.22
1704.06	11.66	7.22
1706.22	11.64	7.22
1708.38	11.67	7.22
1710.54	11.66	7.22
1712.70	11.64	7.21
1714.86	11.65	7.21
1717.02	11.63	7.21
1719.18	11.64	7.21
1721.34	11.64	7.21
1723.50	11.64	7.21
1725.66	11.66	7.21
1727.82	11.66	7.21
1729.98	11.65	7.20
1732.14	11.68	7.20
1734.30	11.66	7.20
1736.46	11.65	7.20
1738.62	11.67	7.20
1740.78	11.63	7.20
1742.94	11.65	7.20
1745.10	11.66	7.20
1747.26	11.65	7.20
1749.41	11.64	7.20
1751.57	11.63	7.20
1753.73	11.63	7.20
1755.89	11.65	7.20
1758.05	11.62	7.19
1760.21	11.63	7.19
1762.37	11.64	7.19
1764.53	11.64	7.19
1766.69	11.64	7.19
1768.85	11.64	7.19
1771.01	11.65	7.19
1773.17	11.64	7.19
1775.33	11.68	7.19
1777.49	11.64	7.19
1779.65	11.63	7.18
1781.81	11.63	7.18
1783.97	11.64	7.18
1786.13	11.64	7.18
1788.29	11.60	7.18
1790.45	11.61	7.18
1792.61	11.64	7.18
1794.77	11.62	7.18
1796.93	11.60	7.18
1799.09	11.58	7.18
1801.25	11.61	7.18
1803.41	11.60	7.17
1805.57	11.60	7.17
1807.73	11.59	7.17
1809.89	11.64	7.17
1812.05	11.63	7.17
1814.21	11.62	7.17
1816.37	11.61	7.17
1818.53	11.60	7.17
1820.69	11.64	7.17
1822.85	11.65	7.17
1825.01	11.62	7.16
1827.17	11.61	7.16
1829.33	 	 
1831.49	11.63	7.16
1833.65	11.65	7.16
1835.81	11.63	7.16
1837.97	11.59	7.16
1840.13	11.63	7.16
1842.29	11.66	7.16
1844.44	11.64	7.15
1846.60	11.61	7.16
1848.76	11.61	7.16
1850.92	11.60	7.15
1853.08	11.63	7.15
1855.24	11.62	7.15
1857.40	11.60	7.15
1859.56	11.58	7.15
1861.72	11.59	7.15
1863.88	11.61	7.15
1866.04	11.58	7.15
1868.20	11.61	7.15
1870.36	11.60	7.15
1872.52	11.62	7.15
1874.68	11.58	7.14
1876.84	11.59	7.14
1879.00	11.59	7.14
1881.16	11.58	7.14
1883.32	11.58	7.14
1885.48	11.58	7.14
1887.64	11.59	7.13
1889.80	11.59	7.13
1891.96	11.58	7.13
1894.12	11.56	7.13
1896.28	11.58	7.13
1898.44	11.56	7.13
1900.60	11.54	7.13
1902.76	11.56	7.13
1904.92	11.56	7.13
1907.08	11.56	7.13
1909.24	11.56	7.13
1911.40	11.55	7.13
1913.56	11.55	7.13
1915.72	11.56	7.12
1917.88	11.54	7.12
1920.04	11.55	7.12
1922.20	11.54	7.12
1924.36	11.54	7.12
1926.52	11.56	7.12
1928.68	11.56	7.12
1930.84	11.55	7.12
1933.00	11.55	7.12
1935.16	11.54	7.12
1937.32	11.54	7.11
1939.47	11.53	7.12
1941.63	11.55	7.12
1943.79	11.56	7.11
1945.95	11.55	7.11
1948.11	11.57	7.12
1950.27	11.56	7.11
1952.43	11.55	7.11
1954.59	11.53	7.11
1956.75	11.56	7.11
1958.91	11.54	7.11
1961.07	11.55	7.11
1963.23	11.55	7.11
1965.39	11.54	7.10
1967.55	11.56	7.11
1969.71	11.54	7.10
1971.87	11.54	7.10
1974.03	11.56	7.10
1976.19	11.54	7.10
1978.35	11.55	7.10
1980.51	11.55	7.10
1982.67	11.55	7.10
1984.83	11.55	7.09
1986.99	11.54	7.09
1989.15	11.55	7.09
1991.31	11.54	7.09
1993.47	11.54	7.09
1995.63	11.54	7.09
1997.79	11.55	7.09
1999.95	11.55	7.09
2002.11	11.55	7.09
2004.27	11.52	7.09
2006.43	11.53	7.09
2008.59	11.52	7.08
2010.75	11.52	7.09
2012.91	11.52	7.08
2015.07	11.51	7.08
2017.23	11.55	7.08
2019.39	11.50	7.08
2021.55	11.53	7.08
2023.71	11.54	7.08
2025.87	11.52	7.08
2028.03	11.51	7.07
2030.19	11.51	7.08
2032.35	11.50	7.08
2034.50	11.52	7.08
2036.66	11.51	7.07
2038.82	11.50	7.07
2040.98	11.51	7.07
2043.14	11.52	7.07
2045.30	11.49	7.07
2047.46	11.51	7.07
2049.62	11.50	7.07
2051.78	11.49	7.06
2053.94	11.51	7.07
2056.10	11.49	7.06
2058.26	11.51	7.06
2060.42	11.50	7.06
2062.58	11.49	7.06
2064.74	11.50	7.06
2066.90	11.51	7.06
2069.06	11.49	7.06
2071.22	11.50	7.06
2073.38	11.50	7.06
2075.54	11.49	7.06
2077.70	11.48	7.05
2079.86	11.49	7.05
2082.02	11.49	7.06
2084.18	11.51	7.06
2086.34	11.50	7.05
2088.50	11.51	7.05
2090.66	11.50	7.05
2092.82	11.51	7.05
2094.98	11.51	7.05
2097.14	11.52	7.05
2099.30	11.48	7.05
2101.46	11.50	7.05
2103.62	11.53	7.05
2105.78	11.52	7.04
2107.94	11.53	7.04
2110.10	11.51	7.04
2112.26	11.50	7.04
2114.42	11.52	7.04
2116.58	11.50	7.04
2118.74	11.53	7.04
2120.90	11.52	7.04
2123.06	11.49	7.04
2125.22	11.51	7.04
2127.38	11.51	7.04
2129.53	11.50	7.04
2131.69	11.52	7.04
2133.85	11.49	7.03
2136.01	11.48	7.03
2138.17	11.51	7.03
2140.33	11.50	7.03
2142.49	11.51	7.03
2144.65	11.49	7.03
2146.81	11.49	7.03
2148.97	11.49	7.03
2151.13	11.49	7.03
2153.29	11.48	7.03
2155.45	11.50	7.03
2157.61	11.49	7.03
2159.77	11.48	7.03
2161.93	11.51	7.03
2164.09	11.49	7.02
2166.25	11.48	7.02
2168.41	11.46	7.02
2170.57	11.48	7.02
2172.73	11.47	7.02
2174.89	11.50	7.02
2177.05	11.49	7.02
2179.21	11.50	7.02
2181.37	11.50	7.01
2183.53	11.49	7.01
2185.69	11.49	7.01
2187.85	11.47	7.01
2190.01	11.49	7.01
2192.17	11.48	7.01
2194.33	11.48	7.01
2196.49	11.47	7.01
2198.65	11.48	7.01
2200.81	11.47	7.01
2202.97	11.47	7.00
2205.13	11.48	7.01
2207.29	11.47	7.00
2209.45	11.48	7.00
2211.61	11.46	7.00
2213.77	11.47	7.00
2215.93	11.48	7.00
2218.09	11.46	7.00
2220.25	11.47	7.00
2222.40	11.48	7.00
2224.56	11.45	7.00
2226.72	11.47	7.00
2228.88	11.47	7.00
2231.04	11.46	6.99
2233.20	11.46	6.99
2235.36	11.45	6.99
2237.52	11.46	6.99
2239.68	11.48	6.99
2241.84	11.47	6.98
2244.00	11.46	6.99
2246.16	11.44	6.98
2248.32	11.44	6.98
2250.48	11.45	6.98
2252.64	11.46	6.98
2254.80	11.45	6.98
2256.96	11.45	6.98
2259.12	11.44	6.98
2261.28	11.45	6.98
2263.44	11.45	6.98
2265.60	11.44	6.98
2267.76	11.43	6.98
2269.92	11.45	6.98
2272.08	11.43	6.98
2274.24	11.50	6.98
2276.40	11.44	6.97
2278.56	11.42	6.97
2280.72	11.41	6.97
2282.88	11.43	6.97
2285.04	11.42	6.97
2287.20	11.42	6.96
2289.36	11.40	6.97
2291.52	11.41	6.97
2293.68	11.41	6.96