water_0.1%PLA
9/2/2021 3:40 PM
Time [s]	ST [mN/m]	Volume [μl]
0.00	21.41	8.32
2.16	21.46	8.32
4.32	21.54	8.32
6.48	21.51	8.32
8.64	21.57	8.32
10.80	21.46	8.32
12.96	21.78	8.32
15.12	21.61	8.33
17.28	21.66	8.33
19.44	21.60	8.33
21.60	21.66	8.33
23.76	21.51	8.33
25.92	21.64	8.33
28.08	21.76	8.33
30.24	21.67	8.33
32.40	21.76	8.33
34.56	21.67	8.33
36.72	21.74	8.33
38.88	21.72	8.33
41.04	21.81	8.33
43.20	21.71	8.33
45.36	21.84	8.33
47.51	21.82	8.33
49.67	21.95	8.33
51.83	21.72	8.33
53.99	21.72	8.33
56.15	21.87	8.34
58.31	21.94	8.33
60.47	21.92	8.33
62.63	22.00	8.33
64.79	22.02	8.33
66.95	21.94	8.33
69.11	22.03	8.33
71.27	21.95	8.34
73.43	22.04	8.34
75.59	22.02	8.34
77.75	22.00	8.34
79.91	22.02	8.34
82.07	22.01	8.34
84.23	22.05	8.34
86.39	22.03	8.34
88.55	22.10	8.34
90.71	22.10	8.34
92.87	22.14	8.34
95.03	21.96	8.34
97.19	22.12	8.34
99.35	22.08	8.34
101.51	22.03	8.34
103.67	22.06	8.34
105.83	22.02	8.34
107.99	22.20	8.34
110.15	22.14	8.34
112.31	22.09	8.34
114.47	22.16	8.34
116.63	22.07	8.34
118.79	22.20	8.34
120.95	22.14	8.35
123.11	22.19	8.35
125.27	22.11	8.35
127.43	22.11	8.35
129.59	22.13	8.34
131.75	22.02	8.35
133.91	22.03	8.35
136.07	22.16	8.35
138.23	22.05	8.35
140.39	22.12	8.35
142.54	22.03	8.35
144.70	22.13	8.35
146.86	22.07	8.35
149.02	22.12	8.35
151.18	22.04	8.35
153.34	22.21	8.35
155.50	21.99	8.35
157.66	22.02	8.35
159.82	21.93	8.35
161.98	22.08	8.35
164.14	22.07	8.35
166.30	22.05	8.35
168.46	21.91	8.35
170.62	22.06	8.35
172.78	22.00	8.35
174.94	22.06	8.35
177.10	22.10	8.35
179.26	21.97	8.35
181.42	21.96	8.35
183.58	22.05	8.35
185.74	22.01	8.35
187.90	21.95	8.35
190.06	22.09	8.34
192.22	21.86	8.35
194.38	21.95	8.34
196.54	21.88	8.35
198.70	22.18	8.35
200.86	21.88	8.35
203.02	22.04	8.34
205.18	21.88	8.35
207.34	22.04	8.35
209.50	21.88	8.35
211.66	22.00	8.35
213.82	21.92	8.35
215.98	21.96	8.35
218.14	21.83	8.35
220.30	21.81	8.35
222.46	21.86	8.35
224.62	21.90	8.35
226.78	21.95	8.35
228.94	21.86	8.35
231.10	21.88	8.36
233.26	21.92	8.36
235.41	21.89	8.35
237.57	21.80	8.36
239.73	21.85	8.35
241.89	21.80	8.35
244.05	21.80	8.35
246.21	21.71	8.35
248.37	21.79	8.35
250.53	21.93	8.35
252.69	21.83	8.36
254.85	21.88	8.36
257.01	21.80	8.35
259.17	21.84	8.35
261.33	21.87	8.35
263.49	21.81	8.35
265.65	21.65	8.35
267.81	21.90	8.35
269.97	21.67	8.35
272.13	21.83	8.35
274.29	21.67	8.35
276.45	21.76	8.35
278.61	21.61	8.35
280.77	21.82	8.35
282.93	21.68	8.35
285.09	21.67	8.35
287.25	21.75	8.36
289.41	21.68	8.35
291.57	21.80	8.36
293.73	21.63	8.36
295.89	21.61	8.36
298.05	21.63	8.36
300.21	21.63	8.35
302.37	21.60	8.36
304.53	21.59	8.36
306.69	21.66	8.36
308.85	21.55	8.35
311.01	21.65	8.35
313.17	21.55	8.36
315.33	21.64	8.35
317.49	21.53	8.36
319.65	21.50	8.36
321.81	21.61	8.36
323.97	21.57	8.36
326.13	21.58	8.36
328.29	21.58	8.35
330.44	21.64	8.36
332.60	21.56	8.36
334.76	21.70	8.36
336.92	21.46	8.36
339.08	21.59	8.36
341.24	21.45	8.36
343.40	21.72	8.36
345.56	21.49	8.36
347.72	21.41	8.36
349.88	21.48	8.36
352.04	21.42	8.36
354.20	21.45	8.35
356.36	21.51	8.36
358.52	 	 
360.68	21.46	8.36
362.84	21.59	8.36
365.00	21.49	8.36
367.16	21.49	8.36
369.32	21.38	8.36
371.48	21.53	8.36
373.64	21.40	8.36
375.80	21.48	8.36
377.96	21.36	8.36
380.12	21.48	8.36
382.28	21.47	8.36
384.44	21.45	8.36
386.60	21.28	8.36
388.76	21.35	8.36
390.92	21.36	8.36
393.08	21.35	8.36
395.24	21.36	8.36
397.40	21.39	8.36
399.56	21.37	8.36
401.72	21.24	8.36
403.88	21.32	8.36
406.04	21.28	8.37
408.20	21.36	8.36
410.36	21.26	8.36
412.52	21.35	8.36
414.68	21.29	8.36
416.84	21.45	8.36
419.00	21.32	8.36
421.16	21.29	8.36
423.32	21.25	8.36
425.47	21.42	8.36
427.63	21.27	8.36
429.79	21.28	8.36
431.95	21.24	8.36
434.11	21.22	8.36
436.27	21.28	8.36
438.43	21.25	8.35
440.59	21.40	8.36
442.75	21.15	8.36
444.91	21.34	8.37
447.07	21.32	8.36
449.23	21.19	8.36
451.39	21.31	8.36
453.55	21.08	8.36
455.71	21.30	8.36
457.87	21.06	8.36
460.03	21.38	8.37
462.19	21.20	8.36
464.35	21.22	8.37
466.51	21.37	8.36
468.67	21.21	8.37
470.83	21.15	8.36
472.99	21.10	8.37
475.15	21.28	8.36
477.31	21.15	8.36
479.47	21.12	8.36
481.63	21.10	8.37
483.79	21.18	8.36
485.95	21.05	8.36
488.11	21.17	8.36
490.27	21.05	8.36
492.43	21.11	8.36
494.59	21.22	8.36
496.75	21.16	8.36
498.91	21.18	8.36
501.07	21.06	8.36
503.23	21.06	8.36
505.39	21.10	8.36
507.55	20.98	8.36
509.71	21.01	8.36
511.87	21.13	8.36
514.03	20.99	8.36
516.19	21.15	8.36
518.34	21.02	8.36
520.50	21.17	8.36
522.66	20.96	8.36
524.82	21.10	8.36
526.98	20.91	8.36
529.14	21.16	8.36
531.30	20.85	8.36
533.46	21.02	8.36
535.62	20.92	8.36
537.78	20.98	8.36
539.94	20.98	8.36
542.10	21.01	8.35
544.26	20.88	8.36
546.42	20.82	8.35
548.58	21.12	8.36
550.74	21.05	8.36
552.90	21.10	8.36
555.06	20.90	8.36
557.22	21.17	8.36
559.38	20.96	8.36
561.54	21.10	8.36
563.70	20.91	8.36
565.86	21.08	8.36
568.02	20.89	8.36
570.18	20.96	8.36
572.34	20.89	8.36
574.50	21.01	8.36
576.66	21.01	8.36
578.82	20.93	8.36
580.98	20.96	8.36
583.14	20.89	8.36
585.30	21.00	8.36
587.46	20.92	8.36
589.62	20.90	8.36
591.78	20.85	8.36
593.94	20.89	8.36
596.10	20.98	8.36
598.26	20.80	8.36
600.42	20.96	8.36
602.58	20.88	8.36
604.74	20.86	8.36
606.90	20.77	8.36
609.06	20.97	8.36
611.22	20.81	8.36
613.37	20.79	8.36
615.53	20.84	8.36
617.69	20.90	8.36
619.85	20.83	8.36
622.01	20.86	8.36
624.17	20.88	8.36
626.33	20.66	8.36
628.49	20.87	8.36
630.65	 	 
632.81	20.84	8.36
634.97	20.84	8.36
637.13	20.80	8.36
639.29	20.87	8.36
641.45	20.86	8.36
643.61	20.80	8.36
645.77	20.80	8.36
647.93	20.87	8.36
650.09	 	 
652.25	 	 
654.41	20.86	8.36
656.57	20.95	8.36
658.73	20.69	8.36
660.89	20.85	8.36
663.05	20.55	8.37
665.21	 	 
667.37	20.81	8.37
669.53	20.77	8.37
671.69	 	 
673.85	20.76	8.37
676.01	20.81	8.37
678.17	20.72	8.37
680.33	20.71	8.37
682.49	20.73	8.37
684.65	20.64	8.37
686.81	20.81	8.37
688.97	20.83	8.37
691.13	20.72	8.37
693.29	20.74	8.37
695.45	20.72	8.37
697.61	20.72	8.37
699.77	20.51	8.37
701.93	20.86	8.37
704.09	20.50	8.37
706.24	20.67	8.36
708.40	20.70	8.37
710.56	20.76	8.37
712.72	20.50	8.37
714.88	20.72	8.37
717.04	20.70	8.37
719.20	20.63	8.36
721.36	20.68	8.36
723.52	20.61	8.36
725.68	20.68	8.37
727.84	20.64	8.37
730.00	20.83	8.37
732.16	20.56	8.37
734.32	20.77	8.37
736.48	20.52	8.37
738.64	20.65	8.37
740.80	20.56	8.37
742.96	20.66	8.37
745.12	20.57	8.37
747.28	20.52	8.37
749.44	20.66	8.37
751.60	20.55	8.37
753.76	20.56	8.37
755.92	20.54	8.37
758.08	20.58	8.37
760.24	20.56	8.37
762.40	20.66	8.37
764.56	20.68	8.37
766.72	20.62	8.37
768.88	20.61	8.37
771.04	20.61	8.37
773.20	20.55	8.37
775.36	20.60	8.37
777.52	20.49	8.37
779.68	20.54	8.37
781.84	20.49	8.37
784.00	20.66	8.37
786.16	20.56	8.37
788.32	20.62	8.37
790.48	20.56	8.37
792.64	20.57	8.37
794.80	20.52	8.37
796.96	20.53	8.37
799.12	20.46	8.37
801.27	20.63	8.37
803.43	20.53	8.37
805.59	20.50	8.37
807.75	20.53	8.37
809.91	20.45	8.37
812.07	20.40	8.37
814.23	20.53	8.37
816.39	20.54	8.37
818.55	20.55	8.37
820.71	20.57	8.37
822.87	20.61	8.37
825.03	20.53	8.37
827.19	20.62	8.38
829.35	20.39	8.38
831.51	20.40	8.38
833.67	20.47	8.37
835.83	20.45	8.37
837.99	20.43	8.37
840.15	20.38	8.37
842.31	20.53	8.37
844.47	20.32	8.37
846.63	20.62	8.37
848.79	20.45	8.37
850.95	 	 
853.11	20.30	8.37
855.27	20.42	8.37
857.43	20.39	8.37
859.59	20.54	8.37
861.75	20.40	8.37
863.91	20.44	8.37
866.07	20.49	8.37
868.23	20.44	8.37
870.39	20.44	8.37
872.55	20.41	8.37
874.71	20.62	8.37
876.87	20.37	8.37
879.03	20.53	8.37
881.19	20.37	8.37
883.35	20.40	8.36
885.51	20.30	8.37
887.67	20.54	8.37
889.83	20.35	8.37
891.99	20.46	8.37
894.14	20.38	8.37
896.30	20.49	8.37
898.46	20.37	8.37
900.62	20.52	8.37
902.78	20.44	8.37
904.94	20.41	8.37
907.10	20.40	8.37
909.26	20.39	8.37
911.42	20.38	8.37
913.58	20.35	8.37
915.74	20.42	8.37
917.90	20.42	8.37
920.06	20.34	8.37
922.22	20.39	8.37
924.38	20.33	8.37
926.54	20.49	8.37
928.70	20.41	8.37
930.86	20.40	8.36
933.02	20.37	8.37
935.18	20.30	8.36
937.34	20.38	8.36
939.50	20.35	8.36
941.66	20.35	8.37
943.82	20.33	8.38
945.98	20.36	8.37
948.14	20.36	8.37
950.30	20.32	8.37
952.46	20.34	8.37
954.62	20.33	8.37
956.78	20.32	8.37
958.94	20.30	8.37
961.10	20.29	8.37
963.26	20.43	8.37
965.42	20.34	8.37
967.58	20.33	8.37
969.74	20.31	8.36
971.90	20.46	8.37
974.06	20.25	8.37
976.22	20.40	8.37
978.38	20.19	8.37
980.54	20.27	8.37
982.70	20.46	8.36
984.86	20.39	8.37
987.02	20.33	8.37
989.17	20.26	8.37
991.33	 	 
993.49	20.22	8.37
995.65	20.32	8.36
997.81	20.23	8.37
999.97	20.31	8.37
1002.13	20.21	8.37
1004.29	20.32	8.37
1006.45	20.31	8.37
1008.61	20.20	8.37
1010.77	20.28	8.37
1012.93	20.27	8.36
1015.09	20.29	8.37
1017.25	20.20	8.36
1019.41	20.30	8.37
1021.57	20.31	8.36
1023.73	20.27	8.36
1025.89	20.23	8.37
1028.05	20.39	8.37
1030.21	20.11	8.37
1032.37	20.28	8.37
1034.53	20.20	8.37
1036.69	20.28	8.37
1038.85	20.00	8.36
1041.01	20.40	8.37
1043.17	20.05	8.37
1045.33	20.31	8.36
1047.49	20.29	8.37
1049.65	20.17	8.37
1051.81	20.21	8.37
1053.97	20.21	8.37
1056.13	20.21	8.37
1058.29	20.24	8.37
1060.45	20.34	8.37
1062.61	20.17	8.37
1064.77	20.43	8.37
1066.93	20.21	8.37
1069.09	20.31	8.37
1071.25	20.07	8.37
1073.41	20.28	8.36
1075.57	20.21	8.37
1077.73	20.26	8.36
1079.89	20.17	8.37
1082.05	20.24	8.36
1084.20	20.24	8.37
1086.36	20.30	8.36
1088.52	20.17	8.36
1090.68	20.18	8.36
1092.84	20.40	8.36
1095.00	20.18	8.36
1097.16	20.27	8.36
1099.32	20.16	8.37
1101.48	20.28	8.36
1103.64	20.09	8.37
1105.80	20.18	8.37
1107.96	20.18	8.37
1110.12	19.82	8.38
1112.28	20.13	8.37
1114.44	20.25	8.37
1116.60	20.23	8.37
1118.76	20.11	8.37
1120.92	20.15	8.37
1123.08	20.19	8.37
1125.24	20.27	8.37
1127.40	20.19	8.37
1129.56	20.19	8.37
1131.72	20.21	8.37
1133.88	20.17	8.37
1136.04	20.31	8.37
1138.20	20.16	8.37
1140.36	20.19	8.37
1142.52	20.18	8.37
1144.68	20.15	8.37
1146.84	20.14	8.37
1149.00	20.19	8.37
1151.16	20.27	8.37
1153.32	20.12	8.37
1155.48	20.09	8.37
1157.64	20.17	8.37
1159.80	20.22	8.37
1161.96	20.22	8.37
1164.12	20.18	8.37
1166.28	20.11	8.37
1168.44	20.24	8.37
1170.60	20.15	8.37
1172.76	20.30	8.37
1174.92	20.07	8.37
1177.07	20.25	8.37
1179.23	20.20	8.37
1181.39	20.27	8.37
1183.55	20.11	8.37
1185.71	20.23	8.37
1187.87	20.10	8.37
1190.03	19.90	8.38
1192.19	20.05	8.37
1194.35	20.58	8.37
1196.51	20.51	8.37
1198.67	20.18	8.37
1200.83	20.14	8.37
1202.99	20.17	8.37
1205.15	20.18	8.37
1207.31	20.13	8.37
1209.47	20.19	8.37
1211.63	19.99	8.37
1213.79	20.25	8.37
1215.95	20.01	8.37
1218.11	20.37	8.36
1220.27	20.04	8.37
1222.43	20.26	8.37
1224.59	20.07	8.37
1226.75	20.35	8.37
1228.91	20.20	8.37
1231.07	20.16	8.37
1233.23	20.24	8.37
1235.39	20.23	8.37
1237.55	20.24	8.37
1239.71	20.06	8.37
1241.87	20.18	8.37
1244.03	20.11	8.37
1246.19	20.25	8.37
1248.35	20.13	8.37
1250.51	20.14	8.37
1252.67	20.10	8.37
1254.83	20.18	8.37
1256.99	20.29	8.37
1259.15	20.07	8.37
1261.31	 	 
1263.47	20.13	8.37
1265.63	20.15	8.37
1267.79	20.01	8.37
1269.94	20.15	8.37
1272.10	20.14	8.37
1274.26	20.16	8.37
1276.42	20.14	8.37
1278.58	20.07	8.37
1280.74	20.08	8.37
1282.90	20.14	8.37
1285.06	20.19	8.37
1287.22	20.08	8.37
1289.38	20.19	8.37
1291.54	20.06	8.37
1293.70	20.15	8.37
1295.86	20.04	8.37
1298.02	20.02	8.37
1300.18	20.14	8.37
1302.34	20.05	8.37
1304.50	20.17	8.37
1306.66	20.06	8.37
1308.82	20.11	8.37
1310.98	20.17	8.37
1313.14	20.14	8.37
1315.30	20.06	8.37
1317.46	20.18	8.37
1319.62	20.12	8.37
1321.78	20.20	8.37
1323.94	20.00	8.37
1326.10	20.06	8.37
1328.26	20.00	8.37
1330.42	20.11	8.37
1332.58	20.04	8.37
1334.74	20.10	8.37
1336.90	20.03	8.37
1339.06	20.14	8.38
1341.22	20.05	8.38
1343.38	20.17	8.38
1345.54	20.10	8.37
1347.70	19.99	8.37
1349.86	20.14	8.37
1352.02	20.06	8.38
1354.18	20.22	8.38
1356.34	19.93	8.38
1358.50	20.15	8.37
1360.66	19.97	8.38
1362.82	20.23	8.38
1364.97	19.97	8.37
1367.13	20.17	8.37
1369.29	19.98	8.37
1371.45	20.18	8.37
1373.61	20.03	8.37
1375.77	20.09	8.38
1377.93	20.03	8.37
1380.09	20.08	8.37
1382.25	20.24	8.37
1384.41	20.04	8.37
1386.57	20.18	8.37
1388.73	20.04	8.37
1390.89	20.07	8.37
1393.05	20.05	8.37
1395.21	20.24	8.37
1397.37	19.93	8.37
1399.53	20.11	8.37
1401.69	20.28	8.37
1403.85	20.15	8.37
1406.01	20.09	8.37
1408.17	20.10	8.37
1410.33	20.15	8.38
1412.49	20.15	8.37
1414.65	20.12	8.37
1416.81	20.07	8.37
1418.97	20.07	8.37
1421.13	20.06	8.37
1423.29	20.17	8.36
1425.45	20.06	8.36
1427.61	20.03	8.36
1429.77	20.04	8.36
1431.93	20.15	8.36
1434.09	20.07	8.37
1436.25	20.12	8.37
1438.41	20.04	8.37
1440.57	20.04	8.37
1442.73	20.00	8.37
1444.89	20.12	8.37
1447.05	20.02	8.37
1449.21	20.15	8.37
1451.37	20.06	8.37
1453.53	20.09	8.37
1455.69	20.07	8.37
1457.85	20.16	8.37
1460.00	20.12	8.37
1462.16	20.19	8.37
1464.32	20.01	8.38
1466.48	20.12	8.38
1468.64	20.10	8.38
1470.80	20.09	8.37
1472.96	20.07	8.38
1475.12	20.13	8.38
1477.28	 	 
1479.44	20.14	8.38
1481.60	20.11	8.38
1483.76	20.09	8.38
1485.92	20.01	8.38
1488.08	20.07	8.38
1490.24	20.10	8.38
1492.40	19.93	8.38
1494.56	20.08	8.37
1496.72	20.01	8.38
1498.88	20.29	8.38
1501.04	19.97	8.38
1503.20	20.16	8.37
1505.36	19.96	8.38
1507.52	20.16	8.37
1509.68	19.97	8.37
1511.84	20.17	8.37
1514.00	20.02	8.38
1516.16	20.04	8.38
1518.32	20.15	8.38
1520.48	20.04	8.38
1522.64	20.02	8.38
1524.80	20.04	8.38
1526.96	20.05	8.38
1529.12	20.06	8.38
1531.28	20.17	8.38
1533.44	19.96	8.38
1535.60	20.20	8.38
1537.76	20.02	8.39
1539.92	20.21	8.38
1542.08	20.04	8.38
1544.24	20.11	8.38
1546.40	20.03	8.38
1548.56	20.19	8.38
1550.72	19.94	8.38
1552.87	20.06	8.38
1555.03	 	 
1557.19	20.11	8.37
1559.35	19.95	8.37
1561.51	19.99	8.37
1563.67	20.12	8.37
1565.83	19.95	8.38
1567.99	19.96	8.38
1570.15	20.10	8.38
1572.31	20.06	8.37
1574.47	20.04	8.37
1576.63	20.15	8.37
1578.79	19.99	8.37
1580.95	20.13	8.37
1583.11	20.09	8.37
1585.27	20.07	8.37
1587.43	19.98	8.37
1589.59	20.12	8.37
1591.75	20.08	8.38
1593.91	20.16	8.38
1596.07	19.96	8.38
1598.23	20.15	8.38
1600.39	20.13	8.37
1602.55	20.18	8.37
1604.71	20.09	8.37
1606.87	20.04	8.37
1609.03	20.14	8.37
1611.19	20.11	8.37
1613.35	20.08	8.37
1615.51	20.11	8.37
1617.67	20.12	8.37
1619.83	20.09	8.37
1621.99	20.02	8.38
1624.15	20.05	8.38
1626.31	19.97	8.38
1628.47	20.14	8.38
1630.63	19.99	8.38
1632.79	20.09	8.38
1634.95	20.13	8.37
1637.11	20.07	8.38
1639.27	20.11	8.37
1641.43	20.04	8.38
1643.59	20.10	8.38
1645.75	19.97	8.38
1647.90	20.15	8.37
1650.06	19.94	8.38
1652.22	20.22	8.38
1654.38	20.01	8.38
1656.54	20.14	8.38
1658.70	20.04	8.38
1660.86	20.13	8.38
1663.02	20.00	8.38
1665.18	19.95	8.38
1667.34	20.09	8.38
1669.50	19.97	8.38
1671.66	20.12	8.38
1673.82	20.06	8.38
1675.98	20.11	8.38
1678.14	19.97	8.38
1680.30	20.15	8.38
1682.46	19.99	8.38
1684.62	20.09	8.38
1686.78	20.06	8.38
1688.94	20.06	8.38
1691.10	19.97	8.38
1693.26	20.13	8.38
1695.42	20.11	8.38
1697.58	 	 
1699.74	20.08	8.38
1701.90	20.12	8.38
1704.06	20.09	8.38
1706.22	19.95	8.38
1708.38	20.06	8.39
1710.54	19.98	8.39
1712.70	20.06	8.39
1714.86	20.12	8.39
1717.02	20.09	8.38
1719.18	20.14	8.39
1721.34	20.21	8.39
1723.50	20.01	8.39
1725.66	20.09	8.38
1727.82	20.09	8.39
1729.98	20.08	8.38
1732.14	20.11	8.38
1734.30	20.06	8.38
1736.46	20.05	8.38
1738.62	20.10	8.38
1740.77	20.19	8.38
1742.93	19.92	8.38
1745.09	20.13	8.38
1747.25	19.94	8.37
1749.41	20.03	8.38
1751.57	20.00	8.38
1753.73	20.02	8.38
1755.89	19.99	8.38
1758.05	20.15	8.38
1760.21	20.05	8.38
1762.37	20.08	8.38
1764.53	20.09	8.38
1766.69	20.14	8.38
1768.85	20.08	8.39
1771.01	20.17	8.39
1773.17	20.10	8.39
1775.33	20.06	8.39
1777.49	20.03	8.39
1779.65	20.12	8.39
1781.81	20.09	8.39
1783.97	20.05	8.39
1786.13	20.08	8.39
1788.29	20.06	8.40
1790.45	20.15	8.40
1792.61	20.08	8.40
1794.77	20.09	8.40
1796.93	20.07	8.40
1799.09	20.06	8.40
1801.25	20.19	8.41
1803.41	20.03	8.40
1805.57	20.06	8.40
1807.73	20.05	8.40
1809.89	20.09	8.41
1812.05	20.11	8.42
1814.21	20.04	8.42
1816.37	20.08	8.41
1818.53	20.12	8.41
1820.69	20.05	8.40
1822.85	20.12	8.41
1825.01	20.04	8.41
1827.17	20.07	8.41
1829.33	20.03	8.41
1831.49	20.05	8.41
1833.65	20.06	8.41
1835.80	20.05	8.40
1837.96	20.04	8.40
1840.12	20.15	8.40
1842.28	20.14	8.39
1844.44	20.28	8.40
1846.60	20.37	8.40
1848.76	20.31	8.40
1850.92	20.37	8.40
1853.08	20.32	8.40
1855.24	20.26	8.40
1857.40	20.22	8.39
1859.56	20.27	8.39
1861.72	20.33	8.39
1863.88	20.15	8.39
1866.04	20.08	8.39
1868.20	20.05	8.39
1870.36	20.08	8.39
1872.52	20.03	8.39
1874.68	20.11	8.39
1876.84	20.06	8.39
1879.00	20.07	8.40
1881.16	20.07	8.40
1883.32	20.10	8.40
1885.48	20.00	8.41
1887.64	20.05	8.42
1889.80	20.10	8.41
1891.96	20.09	8.41
1894.12	20.05	8.41
1896.28	20.26	8.42
1898.44	 	 
1900.60	 	 
1902.76	20.05	8.40
1904.92	20.08	8.40
1907.08	20.02	8.40
1909.24	20.11	8.40
1911.40	20.07	8.39
1913.56	20.05	8.40
1915.72	20.19	8.39
1917.88	20.08	8.39
1920.04	20.05	8.39
1922.20	20.16	8.40
1924.36	20.05	8.40
1926.52	20.15	8.40
1928.67	20.03	8.40
1930.83	20.08	8.40
1932.99	20.06	8.40
1935.15	20.05	8.41
1937.31	20.08	8.41
1939.47	20.10	8.40
1941.63	20.05	8.40
1943.79	20.03	8.40
1945.95	 	 
1948.11	20.12	8.40
1950.27	20.09	8.40
1952.43	20.06	8.39
1954.59	20.04	8.39
1956.75	20.06	8.40
1958.91	20.06	8.40
1961.07	20.05	8.39
1963.23	20.06	8.39
1965.39	20.09	8.39
1967.55	20.08	8.39
1969.71	20.01	8.39
1971.87	20.04	8.38
1974.03	20.04	8.38
1976.19	20.09	8.39
1978.35	20.04	8.38
1980.51	19.96	8.39
1982.67	20.08	8.39
1984.83	19.99	8.39
1986.99	20.05	8.39
1989.15	20.05	8.38
1991.31	20.09	8.38
1993.47	20.09	8.38
1995.63	20.07	8.38
1997.79	20.03	8.38
1999.95	20.08	8.38
2002.11	19.97	8.38
2004.27	20.09	8.38
2006.43	20.08	8.39
2008.59	20.00	8.39
2010.75	20.10	8.39
2012.91	20.06	8.40
2015.07	19.97	8.40
2017.23	20.09	8.41
2019.39	20.06	8.41
2021.55	20.09	8.40
2023.70	20.12	8.40
2025.86	20.08	8.40
2028.02	20.03	8.40
2030.18	20.04	8.40
2032.34	20.06	8.40
2034.50	20.10	8.39
2036.66	20.14	8.40
2038.82	20.01	8.39
2040.98	20.13	8.39
2043.14	20.07	8.39
2045.30	20.09	8.39
2047.46	20.12	8.39
2049.62	20.10	8.39
2051.78	20.07	8.39
2053.94	20.02	8.39
2056.10	20.06	8.38
2058.26	20.08	8.38
2060.42	20.02	8.38
2062.58	20.05	8.38
2064.74	20.04	8.38
2066.90	20.07	8.38
2069.06	20.08	8.39
2071.22	20.08	8.39
2073.38	20.04	8.38
2075.54	20.04	8.38
2077.70	19.99	8.39
2079.86	20.00	8.39
2082.02	20.02	8.39
2084.18	20.05	8.39
2086.34	20.07	8.39
2088.50	20.10	8.39
2090.66	20.09	8.39
2092.82	20.05	8.39
2094.98	20.15	8.39
2097.14	20.02	8.39
2099.30	20.06	8.39
2101.46	19.94	8.39
2103.62	20.06	8.39
2105.78	20.01	8.39
2107.94	20.18	8.39
2110.10	20.04	8.39
2112.26	20.16	8.39
2114.42	20.04	8.39
2116.57	20.01	8.39
2118.73	20.00	8.39
2120.89	20.09	8.39
2123.05	20.09	8.39
2125.21	20.06	8.39
2127.37	19.96	8.39
2129.53	20.10	8.39
2131.69	20.10	8.39
2133.85	20.07	8.39
2136.01	19.99	8.39
2138.17	19.99	8.39
2140.33	20.02	8.39
2142.49	20.08	8.38
2144.65	20.05	8.39
2146.81	20.05	8.38
2148.97	20.07	8.38
2151.13	20.02	8.38
2153.29	20.11	8.38
2155.45	20.11	8.38
2157.61	20.03	8.38
2159.77	19.98	8.38
2161.93	19.99	8.38
2164.09	20.10	8.38
2166.25	20.02	8.38
2168.41	20.11	8.38
2170.57	20.01	8.38
2172.73	20.10	8.38
2174.89	20.04	8.38
2177.05	20.01	8.38
2179.21	20.03	8.38
2181.37	20.02	8.38
2183.53	20.04	8.38
2185.69	20.00	8.38
2187.85	20.01	8.38
2190.01	19.99	8.38
2192.17	19.99	8.38
2194.33	20.03	8.38
2196.49	20.02	8.38
2198.65	19.97	8.38
2200.81	20.07	8.38
2202.97	20.01	8.37
2205.13	20.01	8.37
2207.29	20.00	8.38
2209.45	20.01	8.38
2211.60	19.98	8.38
2213.76	20.05	8.39
2215.92	20.02	8.38
2218.08	19.96	8.38
2220.24	20.01	8.39
2222.40	19.99	8.39
2224.56	19.99	8.39
2226.72	19.97	8.39
2228.88	19.95	8.39
2231.04	20.01	8.39
2233.20	20.06	8.38
2235.36	20.03	8.38
2237.52	20.04	8.39
2239.68	19.99	8.39
2241.84	20.11	8.39
2244.00	19.99	8.40
2246.16	20.11	8.39
2248.32	20.04	8.39
2250.48	20.05	8.39
2252.64	20.06	8.39
2254.80	20.07	8.39
2256.96	19.98	8.39
2259.12	20.01	8.39
2261.28	20.05	8.39
2263.44	20.02	8.39
2265.60	20.07	8.39
2267.76	20.10	8.38
2269.92	19.96	8.39
2272.08	20.08	8.38
2274.24	19.97	8.38
2276.40	20.04	8.38
2278.56	20.10	8.38
2280.72	20.11	8.38
2282.88	20.20	8.38
2285.04	20.00	8.38
2287.20	20.00	8.38
2289.36	19.96	8.39
2291.52	20.10	8.39
2293.68	20.02	8.39
2295.84	20.12	8.39
2298.00	19.93	8.39
2300.16	20.09	8.39
2302.32	19.97	8.39
2304.48	20.04	8.39
2306.63	19.96	8.38
2308.79	20.00	8.38
2310.95	19.97	8.38
2313.11	19.98	8.38
2315.27	20.02	8.38
2317.43	20.05	8.38
2319.59	20.01	8.38
2321.75	20.02	8.38
2323.91	20.05	8.38
2326.07	20.01	8.38
2328.23	20.05	8.38
2330.39	20.02	8.39
2332.55	19.98	8.38
2334.71	20.06	8.38
2336.87	20.08	8.38
2339.03	20.05	8.38
2341.19	20.01	8.38
2343.35	19.96	8.38
2345.51	20.03	8.37
2347.67	20.06	8.37
2349.83	20.11	8.38
2351.99	20.02	8.38
2354.15	19.99	8.38
2356.31	19.94	8.38
2358.47	20.02	8.38
2360.63	20.07	8.38
2362.79	20.06	8.38
2364.95	20.01	8.38
2367.11	20.15	8.38
2369.27	20.00	8.37
2371.43	20.11	8.37
2373.59	20.02	8.38
2375.75	20.07	8.37
2377.91	20.04	8.37
2380.07	20.00	8.38
2382.23	19.99	8.38
2384.39	20.03	8.37
2386.55	19.99	8.37
2388.71	20.01	8.38
2390.87	19.97	8.38
2393.03	20.05	8.38
2395.19	19.97	8.38
2397.35	19.94	8.39
2399.50	20.02	8.38
2401.66	20.03	8.38
2403.82	20.05	8.38
2405.98	20.02	8.38
2408.14	20.03	8.38
2410.30	20.01	8.38
2412.46	19.98	8.38
2414.62	19.98	8.38
2416.78	19.97	8.38
2418.94	19.97	8.38
2421.10	20.01	8.37
2423.26	19.98	8.37
2425.42	20.08	8.37
2427.58	19.97	8.37
2429.74	20.05	8.38
2431.90	19.96	8.38
2434.06	20.05	8.38
2436.22	19.98	8.37
2438.38	20.03	8.38
2440.54	20.01	8.37
2442.70	19.97	8.37
2444.86	20.06	8.37
2447.02	20.00	8.37
2449.18	20.00	8.37
2451.34	19.97	8.37
2453.50	19.99	8.37
2455.66	19.96	8.38
2457.82	20.01	8.37
2459.98	19.94	8.38
2462.14	19.97	8.38
2464.30	20.01	8.38
2466.46	20.03	8.38
2468.62	20.01	8.38
2470.78	20.00	8.38
2472.94	20.03	8.38
2475.10	20.03	8.38
2477.26	19.99	8.38
2479.42	19.99	8.38
2481.58	19.99	8.38
2483.74	20.02	8.38
2485.90	19.97	8.38
2488.06	20.01	8.38
2490.22	20.10	8.37
2492.38	20.03	8.37
2494.53	20.07	8.38
2496.69	19.96	8.38
2498.85	20.01	8.38
2501.01	19.98	8.37
2503.17	20.00	8.38
2505.33	19.98	8.38
2507.49	20.02	8.38
2509.65	19.96	8.38
2511.81	20.00	8.38
2513.97	20.01	8.38
2516.13	20.10	8.38
2518.29	19.97	8.38
2520.45	20.02	8.38
2522.61	19.99	8.38
2524.77	19.97	8.38
2526.93	20.02	8.38
2529.09	 	 
2531.25	19.93	8.38
2533.41	19.94	8.37
2535.57	19.92	8.38
2537.73	19.99	8.38
2539.89	19.98	8.38
2542.05	19.98	8.38
2544.21	20.02	8.38
2546.37	20.04	8.38
2548.53	20.00	8.38
2550.69	20.06	8.38
2552.85	 	 
2555.01	19.98	8.38
2557.17	19.97	8.38
2559.33	20.03	8.38
2561.49	19.96	8.38
2563.65	19.97	8.38
2565.81	19.98	8.38
2567.97	19.99	8.38
2570.13	19.99	8.38
2572.29	20.02	8.38
2574.45	20.01	8.37
2576.61	20.04	8.38
2578.77	19.99	8.38
2580.93	20.01	8.38
2583.09	19.97	8.38
2585.25	20.09	8.38
2587.40	20.05	8.38
2589.56	19.96	8.38
2591.72	19.92	8.38
2593.88	20.00	8.38
2596.04	20.10	8.38
2598.20	20.01	8.38
2600.36	20.07	8.38
2602.52	20.06	8.38
2604.68	19.97	8.38
2606.84	19.98	8.38
2609.00	20.11	8.39
2611.16	20.76	8.38
2613.32	20.09	8.38
2615.48	20.04	8.38
2617.64	20.07	8.38
2619.80	19.97	8.37
2621.96	 	 
2624.12	 	 
2626.28	20.03	8.38
2628.44	19.94	8.38
2630.60	20.09	8.38
2632.76	19.99	8.38
2634.92	20.01	8.38
2637.08	20.00	8.38
2639.24	20.04	8.38
2641.40	20.01	8.38
2643.56	20.01	8.39
2645.72	20.05	8.38
2647.88	20.07	8.38
2650.04	20.04	8.38
2652.20	20.02	8.38