AL0.1%_PLA0.1%
8/29/2021 9:34 PM
Time [s]	ST [mN/m]	Volume [μl]
0.00	-12.14	5.17
2.16	-11.68	5.16
4.32	-11.27	5.16
6.48	-10.91	5.15
8.64	-10.61	5.15
10.80	-10.31	5.14
12.96	-10.03	5.14
15.12	-9.78	5.13
17.28	-9.57	5.12
19.44	-9.34	5.12
21.60	-9.14	5.11
23.76	-8.95	5.11
25.92	-8.79	5.10
28.08	-8.63	5.09
30.24	-8.48	5.09
32.40	-8.34	5.08
34.56	-8.23	5.08
36.72	-8.11	5.07
38.88	-8.01	5.07
41.04	-7.91	5.06
43.20	-7.79	5.05
45.36	-7.70	5.04
47.51	-7.61	5.04
49.67	-7.51	5.03
51.83	-7.43	5.02
53.99	-7.36	5.02
56.15	-7.28	5.01
58.31	-7.23	5.01
60.47	-7.16	5.00
62.63	-7.10	4.99
64.79	-7.05	4.99
66.95	-7.01	4.99
69.11	-6.96	4.98
71.27	-6.91	4.97
73.43	-6.87	4.97
75.59	-6.83	4.96
77.75	-6.79	4.95
79.91	-6.76	4.95
82.07	-6.73	4.95
84.23	-6.71	4.94
86.39	-6.69	4.94
88.55	-6.66	4.93
90.71	-6.63	4.93
92.87	-6.60	4.92
95.03	-6.57	4.91
97.19	-6.54	4.91
99.35	-6.52	4.90
101.51	-6.51	4.90
103.67	-6.47	4.90
105.83	-6.45	4.89
107.99	-6.43	4.89
110.15	-6.40	4.88
112.31	-6.39	4.88
114.47	-6.37	4.87
116.63	-6.35	4.87
118.79	-6.33	4.87
120.95	-6.30	4.86
123.11	-6.28	4.86
125.27	-6.25	4.85
127.43	-6.24	4.84
129.59	-6.20	4.83
131.75	 	 
133.91	-6.17	4.82
136.07	-6.16	4.82
138.23	-6.14	4.81
140.39	-6.14	4.81
142.54	-6.12	4.81
144.70	-6.10	4.80
146.86	-6.10	4.80
149.02	-6.10	4.80
151.18	-6.08	4.79
153.34	-6.06	4.79
155.50	-6.04	4.78
157.66	-6.03	4.77
159.82	-6.01	4.76
161.98	-5.99	4.76
164.14	-5.97	4.75
166.30	-5.96	4.75
168.46	-5.94	4.74
170.62	-5.92	4.73
172.78	-5.91	4.73
174.94	-5.91	4.73
177.10	-5.88	4.72
179.26	-5.87	4.72
181.42	-5.86	4.71
183.58	-5.84	4.70
185.74	-5.83	4.70
187.90	-5.81	4.69
190.06	-5.80	4.69
192.22	-5.78	4.68
194.38	-5.77	4.68
196.54	-5.76	4.67
198.70	-5.75	4.67
200.86	-5.75	4.67
203.02	-5.74	4.67
205.18	-5.73	4.67
207.34	-5.71	4.66
209.50	-5.71	4.66
211.66	-5.69	4.65
213.82	-5.69	4.65
215.98	-5.68	4.65
218.14	-5.67	4.64
220.30	-5.66	4.64
222.46	-5.65	4.63
224.62	-5.64	4.62
226.78	-5.62	4.62
228.94	-5.62	4.61
231.10	-5.61	4.61
233.26	-5.61	4.61
235.41	-5.59	4.60
237.57	-5.59	4.60
239.73	-5.58	4.59
241.89	-5.57	4.59
244.05	-5.57	4.59
246.21	-5.55	4.58
248.37	-5.55	4.58
250.53	-5.54	4.57
252.69	-5.53	4.57
254.85	-5.53	4.57
257.01	-5.51	4.56
259.17	-5.50	4.56
261.33	-5.49	4.55
263.49	-5.49	4.55
265.65	-5.49	4.54
267.81	-5.48	4.54
269.97	-5.47	4.54
272.13	-5.47	4.53
274.29	-5.46	4.53
276.45	-5.46	4.53
278.61	-5.45	4.53
280.77	-5.45	4.52
282.93	-5.43	4.52
285.09	-5.43	4.51
287.25	-5.42	4.51
289.41	-5.41	4.50
291.57	-5.41	4.50
293.73	-5.40	4.50
295.89	-5.39	4.49
298.05	-5.38	4.49
300.21	-5.37	4.48
302.37	-5.36	4.48
304.53	-5.36	4.47
306.69	 	 
308.85	-5.36	4.47
311.01	-5.35	4.47
313.17	-5.34	4.47
315.33	-5.34	4.46
317.49	-5.34	4.46
319.65	-5.33	4.46
321.81	-5.33	4.46
323.97	-5.32	4.45
326.13	-5.32	4.45
328.29	-5.31	4.45
330.44	-5.30	4.44
332.60	-5.29	4.44
334.76	-5.29	4.44
336.92	-5.28	4.43
339.08	-5.26	4.43
341.24	-5.27	4.43
343.40	-5.27	4.42
345.56	-5.25	4.42
347.72	-5.26	4.42
349.88	-5.24	4.41
352.04	-5.23	4.41
354.20	-5.23	4.41
356.36	-5.22	4.40
358.52	-5.21	4.40
360.68	-5.21	4.40
362.84	-5.20	4.39
365.00	-5.20	4.39
367.16	-5.19	4.39
369.32	-5.19	4.39
371.48	-5.18	4.38
373.64	-5.18	4.38
375.80	-5.18	4.38
377.96	-5.17	4.38
380.12	-5.17	4.38
382.28	-5.17	4.37
384.44	-5.16	4.37
386.60	-5.14	4.36
388.76	-5.14	4.36
390.92	-5.14	4.36
393.08	-5.12	4.35
395.24	-5.12	4.35
397.40	-5.10	4.34
399.56	-5.09	4.34
401.72	-5.07	4.33
403.88	-5.06	4.33
406.04	-5.05	4.32
408.20	-5.04	4.32
410.36	-5.03	4.32
412.52	-5.04	4.31
414.68	-5.04	4.31
416.84	-5.03	4.31
419.00	-5.03	4.31
421.16	-5.02	4.31
423.32	-5.03	4.31
425.47	-5.01	4.31
427.63	-5.01	4.30
429.79	-5.01	4.30
431.95	-5.01	4.30
434.11	-5.00	4.30
436.27	-5.01	4.30
438.43	-5.01	4.30
440.59	-5.00	4.29
442.75	-4.99	4.29
444.91	-4.99	4.29
447.07	-4.98	4.28
449.23	-4.98	4.28
451.39	-4.97	4.28
453.55	-4.97	4.27
455.71	-4.95	4.27
457.87	-4.96	4.27
460.03	-4.95	4.26
462.19	-4.95	4.26
464.35	-4.95	4.26
466.51	-4.94	4.26
468.67	-4.93	4.26
470.83	-4.93	4.25
472.99	-4.94	4.26
475.15	-4.94	4.26
477.31	-4.94	4.26
479.47	-4.94	4.26
481.63	-4.94	4.26
483.79	-4.94	4.26
485.95	-4.93	4.26
488.11	-4.93	4.25
490.27	-4.91	4.25
492.43	-4.90	4.24
494.59	-4.90	4.24
496.75	-4.90	4.24
498.91	-4.90	4.24
501.07	-4.89	4.24
503.23	-4.89	4.24
505.39	-4.89	4.23
507.55	-4.89	4.23
509.71	-4.88	4.23
511.87	-4.89	4.23
514.03	-4.87	4.22
516.19	-4.86	4.22
518.34	-4.85	4.22
520.50	-4.85	4.21
522.66	-4.84	4.21
524.82	-4.84	4.21
526.98	-4.83	4.21
529.14	-4.84	4.20
531.30	-4.83	4.20
533.46	-4.84	4.20
535.62	-4.85	4.21
537.78	-4.86	4.21
539.94	-4.85	4.21
542.10	-4.84	4.20
544.26	-4.83	4.20
546.42	-4.83	4.20
548.58	-4.84	4.20
550.74	-4.83	4.20
552.90	-4.82	4.20
555.06	-4.81	4.19
557.22	-4.79	4.19
559.38	-4.78	4.18
561.54	-4.77	4.19
563.70	-4.78	4.19
565.86	-4.79	4.19
568.02	-4.81	4.19
570.18	-4.83	4.19
572.34	-4.83	4.18
574.50	-4.80	4.18
576.66	-4.78	4.18
578.82	-4.76	4.18
580.98	-4.77	4.18
583.14	-4.80	4.18
585.30	-4.83	4.18
587.46	-4.86	4.18
589.62	-4.87	4.18
591.78	-4.87	4.18
593.94	 	 
596.10	-4.83	4.18
598.26	-4.80	4.17
600.42	-4.78	4.17
602.58	-4.76	4.16
604.74	-4.76	4.16
606.90	-4.75	4.16
609.06	-4.73	4.15
611.22	-4.72	4.15
613.37	-4.71	4.15
615.53	-4.70	4.15
617.69	-4.70	4.14
619.85	-4.71	4.14
622.01	-4.70	4.14
624.17	-4.70	4.14
626.33	-4.71	4.14
628.49	-4.73	4.15
630.65	-4.73	4.15
632.81	-4.72	4.15
634.97	-4.71	4.14
637.13	-4.61	4.18
639.29	-4.70	4.14
641.45	-4.70	4.13
643.61	-4.70	4.13
645.77	-4.71	4.13
647.93	-4.71	4.12
650.09	-4.71	4.12
652.25	-4.72	4.13
654.41	-4.72	4.13
656.57	-4.72	4.13
658.73	-4.71	4.13
660.89	-4.71	4.12
663.05	-4.72	4.12
665.21	-4.72	4.12
667.37	-4.71	4.12
669.53	-4.70	4.12
671.69	-4.70	4.12
673.85	-4.69	4.12
676.01	-4.69	4.12
678.17	-4.69	4.12
680.33	-4.69	4.12
682.49	-4.68	4.12
684.65	-4.68	4.12
686.81	-4.69	4.12
688.97	-4.67	4.12
691.13	-4.62	4.14
693.29	-4.66	4.12
695.45	-4.66	4.11
697.61	-4.65	4.11
699.77	-4.68	4.11
701.93	-4.64	4.11
704.09	-4.59	4.13
706.25	-4.66	4.11
708.40	-4.70	4.10
710.56	-4.69	4.11
712.72	-4.60	4.13
714.88	-4.69	4.10
717.04	-4.69	4.10
719.20	-4.67	4.10
721.36	-4.65	4.10
723.52	-4.64	4.10
725.68	-4.68	4.10
727.84	-4.69	4.09
730.00	-4.65	4.09
732.16	-4.66	4.10
734.32	-4.66	4.10
736.48	-4.68	4.09
738.64	-4.65	4.09
740.80	-4.66	4.09
742.96	-4.68	4.08
745.12	-4.67	4.08
747.28	-4.65	4.08
749.44	-4.66	4.08
751.60	-4.68	4.07
753.76	-4.68	4.07
755.92	-4.64	4.07
758.08	-4.66	4.07
760.24	-4.67	4.06
762.40	-4.65	4.06
764.56	-4.66	4.06
766.72	-4.66	4.06
768.88	-4.63	4.07
771.04	-4.65	4.06
773.20	-4.66	4.06
775.36	-4.65	4.06
777.52	-4.66	4.06
779.68	-4.64	4.06
781.84	-4.65	4.06
784.00	-4.68	4.06
786.16	-4.65	4.06
788.32	-4.65	4.06
790.48	-4.62	4.05
792.64	-4.66	4.04
794.80	-4.62	4.04
796.96	-4.62	4.04
799.12	-4.63	4.04
801.27	-4.64	4.04
803.43	-4.66	4.04
805.59	-4.66	4.03
807.75	-4.65	4.03
809.91	-4.65	4.03
812.07	-4.65	4.03
814.23	-4.64	4.03
816.39	-4.65	4.03
818.55	-4.66	4.03
820.71	-4.67	4.02
822.87	-4.64	4.02
825.03	-4.66	4.02
827.19	-4.64	4.02
829.35	-4.66	4.02
831.51	-4.65	4.02
833.67	-4.64	4.02
835.83	-4.65	4.01
837.99	-4.64	4.01
840.15	-4.61	4.01
842.31	-4.64	4.01
844.47	-4.66	4.00
846.63	-4.65	4.00
848.79	-4.65	4.00
850.95	-4.98	3.99
853.11	-4.66	3.99
855.27	-4.64	3.99
857.43	-4.65	3.99
859.59	-4.65	3.99
861.75	-4.64	3.99
863.91	-4.66	3.98
866.07	-4.67	3.98
868.23	-4.66	3.98
870.39	-4.63	3.98
872.55	-4.66	3.98
874.71	-4.65	3.98
876.87	-4.66	3.98
879.03	-4.63	3.98
881.19	-4.67	3.97
883.35	-4.66	3.98
885.51	-4.65	3.97
887.67	-4.66	3.97
889.83	-4.65	3.97
891.99	-4.65	3.97
894.14	-4.65	3.98
896.30	-4.65	3.97
898.46	-4.63	3.98
900.62	-4.63	3.98
902.78	-4.65	3.98
904.94	-4.64	3.98
907.10	-4.65	3.98
909.26	-4.63	3.98
911.42	-4.63	3.97
913.58	-4.65	3.97
915.74	-4.65	3.97
917.90	-4.66	3.97
920.06	-4.66	3.96
922.22	-4.63	3.96
924.38	-4.66	3.96
926.54	-4.63	3.96
928.70	-4.64	3.96
930.86	-4.64	3.96
933.02	-4.64	3.96
935.18	-4.64	3.96
937.34	-4.65	3.95
939.50	-4.63	3.95
941.66	-4.64	3.95
943.82	-4.65	3.94
945.98	-4.65	3.94
948.14	-4.64	3.94
950.30	-4.64	3.94
952.46	-4.65	3.94
954.62	-4.64	3.94
956.78	-4.65	3.94
958.94	-4.65	3.94
961.10	-4.66	3.93
963.26	-4.65	3.94
965.42	-4.66	3.94
967.58	-4.66	3.94
969.74	-4.65	3.94
971.90	-4.68	3.94
974.06	-4.65	3.94
976.22	-4.66	3.94
978.38	-4.65	3.94
980.54	-4.66	3.95
982.70	-4.67	3.95
984.86	-4.67	3.95
987.02	-4.65	3.95
989.17	-4.67	3.95
991.33	-4.66	3.95
993.49	-4.65	3.95
995.65	-4.65	3.95
997.81	-4.65	3.95
999.97	-4.66	3.95
1002.13	-4.67	3.94
1004.29	-4.68	3.94
1006.45	-4.68	3.93
1008.61	-4.67	3.93
1010.77	-4.66	3.95
1012.93	-4.67	3.93
1015.09	-4.66	3.92
1017.25	-4.65	3.93
1019.41	-4.67	3.92
1021.57	 	 
1023.73	-4.68	3.92
1025.89	-4.64	3.94
1028.05	-4.65	3.92
1030.21	-4.65	3.92
1032.37	-4.67	3.92
1034.53	-4.65	3.92
1036.69	-4.67	3.91
1038.85	-4.66	3.91
1041.01	-4.69	3.91
1043.17	-4.66	3.91
1045.33	-4.66	3.91
1047.49	-4.67	3.90
1049.65	-4.67	3.90
1051.81	-4.67	3.90
1053.97	-4.66	3.90
1056.13	-4.66	3.90
1058.29	-4.67	3.90
1060.45	-4.67	3.90
1062.61	-4.66	3.90
1064.77	-4.68	3.90
1066.93	-4.68	3.89
1069.09	-4.65	3.89
1071.25	-4.65	3.89
1073.41	-4.67	3.89
1075.57	-4.67	3.88
1077.73	-4.68	3.88
1079.89	-4.68	3.88
1082.05	-4.67	3.87
1084.20	-4.62	3.87
1086.36	-4.65	3.87
1088.52	-4.66	3.87
1090.68	-4.66	3.87
1092.84	-4.66	3.87
1095.00	-4.64	3.87
1097.16	-4.65	3.87
1099.32	-4.66	3.87
1101.48	-4.66	3.89
1103.64	-4.65	3.87
1105.80	-4.67	3.87
1107.96	-4.65	3.87
1110.12	-4.64	3.86
1112.28	-4.65	3.86
1114.44	-4.66	3.86
1116.60	-4.64	3.86
1118.76	-4.64	3.86
1120.92	-4.64	3.85
1123.08	-4.62	3.85
1125.24	-4.65	3.85
1127.40	-4.62	3.87
1129.56	-4.64	3.85
1131.72	-4.56	3.90
1133.88	-4.64	3.86
1136.04	-4.64	3.85
1138.20	-4.64	3.86
1140.36	-4.65	3.85
1142.52	-4.64	3.85
1144.68	-4.63	3.85
1146.84	-4.65	3.85
1149.00	 	 
1151.16	-4.65	3.85
1153.32	-4.64	3.86
1155.48	-4.63	3.85
1157.64	-4.63	3.85
1159.80	-4.64	3.85
1161.96	-4.65	3.85
1164.12	-4.65	3.86
1166.28	-4.60	3.85
1168.44	-4.63	3.85
1170.60	 	 
1172.76	 	 
1174.92	 	 
1177.07	 	 
1179.23	 	 
1181.39	 	 
1183.55	 	 
1185.71	 	 
1187.87	 	 
1190.03	 	 
1192.19	 	 
1194.35	 	 
1196.51	 	 
1198.67	 	 
1200.83	 	 
1202.99	 	 
1205.15	 	 
1207.31	 	 
1209.47	 	 
1211.63	 	 
1213.79	 	 
1215.95	 	 
1218.11	 	 
1220.27	 	 
1222.43	 	 
1224.59	 	 
1226.75	 	 
1228.91	 	 
1231.07	 	 
1233.23	 	 
1235.39	 	 
1237.55	 	 
1239.71	 	 
1241.87	 	 
1244.03	 	 
1246.19	 	 
1248.35	 	 
1250.51	 	 
1252.67	 	 
1254.83	 	 
1256.99	 	 
1259.15	 	 
1261.31	 	 
1263.47	 	 
1265.63	 	 
1267.79	 	 
1269.95	 	 
1272.10	 	 
1274.26	 	 
1276.42	 	 
1278.58	 	 
1280.74	 	 
1282.90	 	 
1285.06	 	 
1287.22	 	 
1289.38	 	 
1291.54	 	 
1293.70	 	 
1295.86	 	 
1298.02	 	 
1300.18	 	 
1302.34	 	 
1304.50	 	 
1306.66	 	 
1308.82	 	 
1310.98	 	 
1313.14	 	 
1315.30	 	 
1317.46	 	 
1319.62	 	 
1321.78	 	 
1323.94	 	 
1326.10	 	 
1328.26	 	 
1330.42	 	 
1332.58	 	 
1334.74	 	 
1336.90	 	 
1339.06	 	 
1341.22	 	 
1343.38	 	 
1345.54	 	 
1347.70	 	 
1349.86	 	 
1352.02	 	 
1354.18	 	 
1356.34	 	 
1358.50	 	 
1360.66	 	 
1362.82	 	 
1364.97	 	 
1367.13	 	 
1369.29	 	 
1371.45	 	 
1373.61	 	 
1375.77	 	 
1377.93	 	 