60-25-7-glass
8/31/2021 9:57 PM
Time [s]	CA left [°]	CA right [°]	CA mean [°]	Volume [μl]	Baseline [mm]
0.00	74.54	72.80	73.67	5.92	2.93
0.72	80.66	80.75	80.70	6.69	3.23
1.44	77.58	77.88	77.73	6.86	3.30
2.16	76.18	77.38	76.78	7.23	3.33
2.88	75.24	76.40	75.82	7.25	3.35
3.60	74.40	76.18	75.29	7.47	3.36
4.32	73.99	76.00	75.00	7.52	3.37
5.04	73.48	75.25	74.36	7.50	3.39
5.76	72.80	74.79	73.80	7.59	3.40
6.48	72.28	73.89	73.08	7.48	3.42
7.20	71.85	74.05	72.95	7.71	3.42
7.92	71.50	73.67	72.59	7.73	3.44
8.64	71.08	72.97	72.03	7.67	3.45
9.36	70.78	72.62	71.70	7.68	3.45
10.08	70.75	72.50	71.62	7.65	3.45
10.80	70.69	72.60	71.64	7.73	3.45
11.52	70.60	72.47	71.53	7.71	3.45
12.24	70.56	72.39	71.48	7.70	3.45
12.96	70.48	72.43	71.46	7.72	3.45
13.68	70.50	72.48	71.49	7.73	3.45
14.40	70.49	72.39	71.44	7.69	3.45
15.12	70.39	72.43	71.41	7.68	3.45
15.84	70.39	72.35	71.37	7.68	3.45
16.56	70.42	72.22	71.32	7.65	3.45
17.28	70.29	72.28	71.29	7.68	3.45
18.00	70.27	72.20	71.23	7.69	3.45
18.72	70.25	72.23	71.24	7.67	3.45
19.44	70.28	72.14	71.21	7.67	3.45
20.16	70.23	72.14	71.18	7.66	3.45
20.88	70.12	72.06	71.09	7.65	3.45
21.60	70.15	72.03	71.09	7.66	3.45
22.32	70.16	72.15	71.15	7.69	3.45
23.04	70.15	72.03	71.09	7.64	3.45
23.76	70.16	72.09	71.12	7.65	3.45
24.48	70.06	71.94	71.00	7.64	3.45
25.20	70.03	72.03	71.03	7.65	3.45
25.92	70.06	71.83	70.95	7.61	3.45
26.64	70.03	71.87	70.95	7.60	3.45
27.36	69.97	71.93	70.95	7.64	3.45
28.08	69.95	71.93	70.94	7.65	3.45
28.80	69.89	71.85	70.87	7.65	3.46
29.52	69.89	71.77	70.83	7.59	3.45
30.24	69.90	71.70	70.80	7.60	3.45
30.96	69.83	71.72	70.78	7.62	3.46
31.68	69.84	71.71	70.77	7.61	3.45
32.40	69.79	71.72	70.75	7.60	3.45
33.12	69.81	71.74	70.77	7.61	3.46
33.84	69.68	71.50	70.59	7.58	3.45
34.56	69.69	71.51	70.60	7.58	3.46
35.28	69.76	71.69	70.72	7.61	3.46
36.00	69.81	71.50	70.65	7.57	3.46
36.72	69.62	71.58	70.60	7.58	3.46
37.44	69.61	71.58	70.59	7.61	3.46
38.16	69.57	71.56	70.56	7.60	3.46
38.88	69.56	71.47	70.52	7.55	3.46
39.60	69.61	71.36	70.49	7.55	3.46
40.32	69.53	71.47	70.50	7.55	3.46
41.04	69.43	71.43	70.43	7.58	3.46
41.76	69.46	71.29	70.37	7.58	3.46
42.48	69.55	71.29	70.42	7.56	3.46
43.20	69.53	71.30	70.42	7.58	3.46
43.92	69.36	71.20	70.28	7.56	3.46
44.64	69.49	71.22	70.36	7.53	3.46
45.36	69.49	71.28	70.38	7.52	3.46
46.08	69.39	71.10	70.25	7.53	3.46
46.80	69.29	71.13	70.21	7.55	3.46
47.51	69.33	71.11	70.22	7.55	3.46
48.23	69.22	71.06	70.14	7.55	3.46
48.95	69.29	71.10	70.19	7.55	3.46
49.67	69.30	71.11	70.21	7.54	3.46
50.39	69.22	71.05	70.13	7.52	3.46
51.11	69.25	71.05	70.15	7.50	3.46
51.83	69.17	70.97	70.07	7.50	3.46
52.55	69.17	70.95	70.06	7.51	3.46
53.27	69.08	70.95	70.02	7.54	3.46
53.99	69.10	70.98	70.04	7.51	3.46
54.71	69.13	70.91	70.02	7.49	3.46
55.43	69.08	70.87	69.98	7.51	3.46
56.15	69.11	70.86	69.99	7.48	3.46
56.87	69.10	70.78	69.94	7.49	3.46
57.59	68.99	70.68	69.84	7.49	3.46
58.31	69.06	70.90	69.98	7.50	3.46
59.03	68.90	70.79	69.84	7.51	3.46
59.75	69.04	70.76	69.90	7.49	3.46
60.47	68.90	70.68	69.79	7.46	3.46
61.19	68.94	70.67	69.80	7.47	3.46
61.91	68.90	70.64	69.77	7.48	3.46
62.63	68.88	70.75	69.81	7.51	3.46
63.35	68.89	70.59	69.74	7.50	3.46
64.07	68.87	70.54	69.71	7.47	3.46
64.79	68.78	70.52	69.65	7.46	3.46
65.51	68.73	70.58	69.66	7.46	3.46
66.23	68.77	70.43	69.60	7.44	3.46
66.95	68.60	70.35	69.47	7.47	3.46
67.67	68.69	70.36	69.52	7.44	3.46
68.39	68.71	70.36	69.53	7.43	3.46
69.11	68.62	70.27	69.45	7.45	3.46
69.83	68.67	70.30	69.48	7.41	3.46
70.55	68.54	70.28	69.41	7.42	3.46
71.27	68.61	70.37	69.49	7.46	3.47
71.99	68.61	70.33	69.47	7.45	3.47
72.71	68.56	70.20	69.38	7.38	3.46
73.43	68.49	70.21	69.35	7.40	3.47
74.15	68.30	70.04	69.17	7.40	3.46
74.87	68.42	70.07	69.24	7.43	3.47
75.59	68.43	70.08	69.26	7.40	3.47
76.31	68.36	70.00	69.18	7.38	3.47
77.03	68.35	70.01	69.18	7.40	3.47
77.75	68.37	69.94	69.16	7.37	3.47
78.47	68.37	70.01	69.19	7.39	3.47
79.19	68.21	69.97	69.09	7.40	3.47
79.91	68.24	69.87	69.05	7.37	3.47
80.63	68.41	70.02	69.21	7.43	3.47
81.35	68.13	69.80	68.97	7.38	3.47
82.07	68.28	69.96	69.12	7.41	3.47
82.79	68.16	69.81	68.98	7.34	3.47
83.51	67.97	69.53	68.75	7.29	3.46
84.23	68.10	69.81	68.95	7.35	3.47
84.95	67.80	69.39	68.60	7.29	3.46
85.67	67.97	69.57	68.77	7.33	3.47
86.39	68.01	69.82	68.91	7.42	3.47
87.11	67.84	69.47	68.66	7.32	3.47
87.83	67.78	69.25	68.51	7.25	3.46
88.55	67.81	69.34	68.58	7.29	3.47
89.27	67.97	69.77	68.87	7.39	3.47
89.99	67.64	69.26	68.45	7.30	3.47
90.71	67.92	69.60	68.76	7.37	3.47
91.43	67.97	69.63	68.80	7.40	3.48
92.15	67.69	69.26	68.47	7.28	3.47
92.87	67.97	69.52	68.74	7.35	3.48
93.59	67.63	69.14	68.39	7.26	3.47
94.31	67.77	69.45	68.61	7.34	3.47
95.03	67.66	69.31	68.49	7.36	3.47
95.75	67.53	69.17	68.35	7.28	3.47
96.47	67.66	69.35	68.51	7.31	3.47
97.19	67.38	69.06	68.22	7.25	3.47
97.91	67.31	68.99	68.15	7.24	3.47
98.63	67.42	68.99	68.21	7.30	3.47
99.35	67.37	68.94	68.16	7.27	3.47
100.07	67.43	68.99	68.21	7.28	3.47
100.79	67.51	69.14	68.32	7.32	3.47
101.51	67.28	68.94	68.11	7.28	3.47
102.23	67.34	68.91	68.13	7.25	3.47
102.95	67.27	68.81	68.04	7.27	3.47
103.67	66.97	68.70	67.83	7.21	3.47
104.39	67.04	68.66	67.85	7.24	3.47
105.11	66.87	68.54	67.70	7.18	3.47
105.83	66.94	68.55	67.75	7.16	3.47
106.55	66.73	68.40	67.56	7.14	3.46
107.27	66.76	68.45	67.60	7.20	3.47
107.99	66.59	68.40	67.49	7.13	3.46
108.71	66.70	68.41	67.56	7.20	3.47
109.43	66.59	68.34	67.47	7.17	3.47
110.15	66.63	68.29	67.46	7.15	3.47
110.87	66.68	68.22	67.45	7.12	3.47
111.59	66.48	68.21	67.35	7.10	3.47
112.31	66.24	67.98	67.11	7.10	3.46
113.03	66.48	68.11	67.30	7.17	3.47
113.75	66.52	68.19	67.36	7.19	3.47
114.47	66.40	68.12	67.26	7.15	3.47
115.19	66.33	68.11	67.22	7.17	3.47
115.91	66.34	68.17	67.26	7.16	3.47
116.63	66.28	68.07	67.17	7.14	3.47
117.35	66.26	67.99	67.12	7.12	3.47
118.07	66.38	68.14	67.26	7.17	3.47
118.79	66.20	67.90	67.05	7.15	3.47
119.51	66.12	67.93	67.02	7.13	3.47
120.23	66.03	67.74	66.89	7.11	3.47
120.95	66.00	67.78	66.89	7.12	3.47
121.67	65.98	67.73	66.85	7.11	3.47
122.39	65.96	67.86	66.91	7.12	3.47
123.11	65.94	67.69	66.81	7.12	3.47
123.83	65.95	67.70	66.83	7.14	3.47
124.55	65.83	67.51	66.67	7.06	3.47
125.27	65.99	67.72	66.86	7.17	3.48
125.99	65.76	67.55	66.66	7.08	3.47
126.71	65.65	67.51	66.58	7.10	3.47
127.43	65.70	67.57	66.63	7.12	3.47
128.15	65.64	67.46	66.55	7.12	3.47
128.87	65.67	67.39	66.53	7.03	3.47
129.59	65.65	67.56	66.60	7.12	3.47
130.31	65.76	67.51	66.64	7.08	3.47
131.03	65.36	67.35	66.35	7.10	3.47
131.75	65.55	67.42	66.49	7.08	3.47
132.47	65.54	67.29	66.41	7.07	3.47
133.19	65.51	67.37	66.44	7.09	3.47
133.91	65.61	67.37	66.49	7.10	3.48
134.63	65.38	67.22	66.30	7.06	3.47
135.35	65.35	67.13	66.24	7.05	3.47
136.07	65.32	67.17	66.25	7.03	3.47
136.79	65.23	67.05	66.14	7.06	3.47
137.51	65.27	67.14	66.20	7.07	3.47
138.23	65.20	67.04	66.12	7.06	3.47
138.95	65.20	66.96	66.08	7.05	3.47
139.67	65.02	66.83	65.93	7.02	3.47
140.39	65.01	66.83	65.92	6.98	3.47
141.11	65.05	66.89	65.97	7.00	3.47
141.82	65.02	66.85	65.93	7.04	3.47
142.54	65.05	66.92	65.98	7.04	3.47
143.26	65.04	66.82	65.93	7.02	3.47
143.98	64.91	66.74	65.82	7.01	3.47
144.70	64.70	66.43	65.56	6.94	3.47
145.42	64.64	66.44	65.54	6.96	3.47
146.14	64.71	66.57	65.64	7.01	3.47
146.86	64.86	66.64	65.75	7.04	3.48
147.58	64.87	66.76	65.81	7.05	3.48
148.30	64.88	66.75	65.82	7.03	3.48
149.02	64.79	66.64	65.72	7.02	3.48
149.74	64.51	66.33	65.42	6.89	3.47
150.46	64.75	66.46	65.60	6.99	3.48
151.18	64.46	66.28	65.37	6.99	3.47
151.90	64.54	66.51	65.52	7.01	3.48
152.62	64.28	66.04	65.16	6.89	3.47
153.34	64.44	66.26	65.35	6.95	3.47
154.06	64.26	66.12	65.19	6.90	3.47
154.78	64.30	66.05	65.18	6.91	3.47
155.50	64.32	66.02	65.17	6.90	3.47
156.22	64.17	65.93	65.05	6.85	3.47
156.94	64.44	66.33	65.39	6.96	3.48
157.66	64.44	66.24	65.34	6.96	3.48
158.38	64.12	65.76	64.94	6.83	3.47
159.10	64.03	65.85	64.94	6.87	3.47
159.82	64.29	66.20	65.24	6.96	3.48
160.54	64.07	65.82	64.95	6.86	3.47
161.26	64.01	65.75	64.88	6.85	3.47
161.98	63.93	65.72	64.83	6.84	3.47
162.70	63.89	65.57	64.73	6.84	3.47
163.42	63.88	65.63	64.76	6.85	3.47
164.14	63.82	65.48	64.65	6.80	3.47
164.86	63.81	65.54	64.67	6.81	3.47
165.58	63.81	65.54	64.67	6.81	3.47
166.30	63.74	65.54	64.64	6.83	3.47
167.02	63.68	65.40	64.54	6.82	3.47
167.74	63.63	65.47	64.55	6.81	3.47
168.46	63.64	65.34	64.49	6.80	3.47
169.18	63.71	65.44	64.57	6.83	3.47
169.90	63.48	65.19	64.33	6.74	3.47
170.62	63.53	65.24	64.38	6.73	3.47
171.34	63.66	65.36	64.51	6.80	3.47
172.06	63.61	65.22	64.41	6.74	3.47
172.78	63.46	65.23	64.34	6.76	3.47
173.50	63.44	65.31	64.38	6.79	3.47
174.22	63.40	65.27	64.34	6.79	3.47
174.94	63.42	65.25	64.34	6.79	3.47
175.66	63.45	65.20	64.33	6.76	3.47
176.38	63.42	65.15	64.28	6.75	3.47
177.10	63.29	65.08	64.18	6.75	3.47
177.82	63.30	65.08	64.19	6.81	3.47
178.54	63.25	64.97	64.11	6.74	3.47
179.26	63.09	64.79	63.94	6.70	3.47
179.98	63.22	65.01	64.12	6.75	3.47
180.70	63.28	65.06	64.17	6.76	3.47
181.42	63.20	64.96	64.08	6.74	3.47
182.14	63.28	64.95	64.12	6.71	3.47
182.86	63.14	64.90	64.02	6.72	3.47
183.58	63.24	65.01	64.12	6.77	3.47
184.30	63.00	64.83	63.91	6.71	3.47
185.02	63.06	64.86	63.96	6.72	3.47
185.74	63.05	64.77	63.91	6.70	3.47
186.46	63.08	64.68	63.88	6.71	3.47
187.18	63.09	64.78	63.94	6.74	3.47
187.90	63.02	64.80	63.91	6.73	3.47
188.62	63.01	64.71	63.86	6.73	3.48
189.34	62.91	64.64	63.77	6.68	3.47
190.06	62.97	64.58	63.78	6.71	3.47
190.78	62.88	64.62	63.75	6.67	3.47
191.50	62.85	64.57	63.71	6.68	3.47
192.22	62.97	64.62	63.79	6.71	3.48
192.94	62.75	64.57	63.66	6.69	3.47
193.66	62.67	64.53	63.60	6.68	3.47
194.38	62.79	64.53	63.66	6.67	3.48
195.10	62.77	64.56	63.67	6.71	3.48
195.82	62.70	64.40	63.55	6.68	3.47
196.54	62.63	64.34	63.49	6.67	3.47
197.26	62.59	64.33	63.46	6.62	3.47
197.98	62.65	64.35	63.50	6.66	3.47
198.70	62.62	64.40	63.51	6.71	3.48
199.42	62.64	64.34	63.49	6.67	3.48
200.14	62.59	64.31	63.45	6.69	3.48
200.86	62.56	64.08	63.32	6.60	3.47
201.58	62.43	64.00	63.21	6.60	3.47
202.30	62.45	64.13	63.29	6.61	3.47
203.02	62.50	64.12	63.31	6.66	3.47
203.74	62.42	64.09	63.25	6.63	3.47
204.46	62.49	64.11	63.30	6.61	3.48
205.18	62.46	64.09	63.27	6.66	3.48
205.90	62.38	63.99	63.18	6.62	3.47
206.62	62.49	64.10	63.30	6.60	3.48
207.34	62.29	63.92	63.10	6.61	3.47
208.06	62.26	63.94	63.10	6.62	3.47
208.78	62.31	63.95	63.13	6.64	3.48
209.50	62.32	63.97	63.14	6.62	3.47
210.22	62.22	63.82	63.02	6.57	3.47
210.94	62.40	63.98	63.19	6.57	3.48
211.66	62.14	63.82	62.98	6.58	3.47
212.38	62.25	63.95	63.10	6.65	3.48
213.10	62.27	63.83	63.05	6.59	3.48
213.82	62.04	63.81	62.92	6.58	3.47
214.54	62.07	63.65	62.86	6.54	3.47
215.26	62.04	63.64	62.84	6.58	3.47
215.98	62.07	63.73	62.90	6.57	3.47
216.70	62.03	63.68	62.86	6.54	3.47
217.42	61.86	63.53	62.69	6.52	3.47
218.14	62.03	63.70	62.86	6.59	3.48
218.86	61.91	63.61	62.76	6.57	3.47
219.58	61.83	63.52	62.67	6.55	3.47
220.30	62.00	63.65	62.82	6.55	3.48
221.02	61.99	63.55	62.77	6.55	3.48
221.74	61.86	63.46	62.66	6.52	3.48
222.46	61.78	63.36	62.57	6.49	3.47
223.18	61.88	63.59	62.73	6.57	3.48
223.90	61.70	63.30	62.50	6.50	3.47
224.62	61.78	63.47	62.62	6.54	3.48
225.34	61.80	63.39	62.59	6.52	3.48
226.06	61.74	63.39	62.57	6.53	3.48
226.78	61.73	63.36	62.55	6.52	3.48
227.50	61.66	63.33	62.49	6.51	3.48
228.22	61.74	63.38	62.56	6.51	3.48
228.94	61.76	63.30	62.53	6.51	3.48
229.66	61.43	63.09	62.26	6.51	3.47
230.38	61.69	63.23	62.46	6.48	3.48
231.10	61.60	63.22	62.41	6.50	3.48
231.82	61.61	63.28	62.45	6.54	3.48
232.54	61.49	63.12	62.31	6.47	3.48
233.26	61.50	63.16	62.33	6.52	3.48
233.98	61.56	63.18	62.37	6.49	3.48
234.70	61.42	63.08	62.25	6.50	3.48
235.42	61.52	63.13	62.32	6.49	3.48
236.13	61.36	62.86	62.11	6.44	3.47
236.85	61.40	62.96	62.18	6.45	3.47
237.57	61.29	62.87	62.08	6.45	3.47
238.29	61.28	62.95	62.12	6.46	3.47
239.01	61.24	62.85	62.04	6.43	3.47
239.73	61.36	62.82	62.09	6.41	3.47
240.45	61.28	62.79	62.03	6.44	3.47
241.17	61.20	62.76	61.98	6.44	3.47
241.89	61.22	62.90	62.06	6.46	3.48
242.61	61.15	62.77	61.96	6.42	3.47
243.33	61.14	62.77	61.96	6.40	3.47
244.05	61.11	62.61	61.86	6.41	3.47
244.77	61.06	62.72	61.89	6.43	3.47
245.49	60.99	62.66	61.82	6.41	3.47
246.21	61.05	62.63	61.84	6.42	3.47
246.93	61.00	62.56	61.78	6.39	3.47
247.65	61.13	62.66	61.90	6.42	3.48
248.37	61.06	62.51	61.79	6.35	3.47
249.09	61.02	62.57	61.79	6.44	3.48
249.81	60.96	62.55	61.76	6.40	3.47
250.53	60.97	62.58	61.77	6.41	3.47
251.25	60.83	62.46	61.64	6.36	3.47
251.97	60.88	62.56	61.72	6.39	3.48
252.69	60.92	62.41	61.66	6.38	3.48
253.41	60.90	62.34	61.62	6.35	3.48
254.13	60.89	62.39	61.64	6.37	3.48
254.85	60.71	62.31	61.51	6.37	3.47
255.57	60.69	62.43	61.56	6.40	3.48
256.29	60.79	62.40	61.59	6.37	3.48
257.01	60.77	62.17	61.47	6.32	3.47
257.73	60.70	62.21	61.46	6.34	3.48
258.45	60.65	62.26	61.45	6.35	3.47
259.17	60.76	62.34	61.55	6.38	3.48
259.89	60.62	62.23	61.42	6.38	3.48
260.61	60.56	61.99	61.27	6.31	3.47
261.33	60.56	62.12	61.34	6.33	3.47
262.05	60.55	62.19	61.37	6.32	3.48
262.77	60.54	62.10	61.32	6.31	3.47
263.49	60.46	62.07	61.27	6.32	3.47
264.21	60.65	62.07	61.36	6.32	3.48
264.93	60.45	62.13	61.29	6.35	3.48
265.65	60.54	62.04	61.29	6.29	3.48
266.37	60.48	61.94	61.21	6.27	3.48
267.09	60.47	61.92	61.19	6.31	3.48
267.81	60.47	61.92	61.20	6.31	3.48
268.53	60.38	62.00	61.19	6.32	3.48
269.25	60.29	61.83	61.06	6.28	3.47
269.97	60.37	61.87	61.12	6.28	3.47
270.69	60.35	61.94	61.14	6.30	3.48
271.41	60.34	61.75	61.05	6.26	3.47
272.13	60.26	61.81	61.04	6.32	3.48
272.85	60.21	61.80	61.00	6.32	3.48
273.57	60.25	61.84	61.04	6.31	3.48
274.29	60.26	61.71	60.98	6.28	3.48
275.01	60.21	61.67	60.94	6.28	3.47
275.73	60.26	61.82	61.04	6.28	3.48
276.45	60.10	61.60	60.85	6.25	3.47
277.17	60.12	61.62	60.87	6.32	3.48
277.89	60.17	61.57	60.87	6.27	3.48
278.61	60.12	61.62	60.87	6.23	3.48
279.33	60.07	61.49	60.78	6.25	3.47
280.05	59.99	61.51	60.75	6.27	3.48
280.77	60.04	61.45	60.75	6.25	3.48
281.49	60.00	61.50	60.75	6.23	3.48
282.21	59.96	61.51	60.74	6.24	3.48
282.93	60.01	61.44	60.72	6.26	3.48
283.65	59.93	61.52	60.73	6.26	3.48
284.37	59.94	61.40	60.67	6.23	3.48
285.09	59.91	61.51	60.71	6.24	3.48
285.81	59.91	61.36	60.63	6.22	3.47
286.53	59.89	61.36	60.62	6.20	3.48
287.25	59.84	61.33	60.58	6.25	3.48
287.97	59.88	61.26	60.57	6.22	3.48
288.69	59.83	61.29	60.56	6.22	3.48
289.41	59.82	61.28	60.55	6.20	3.47
290.13	59.72	61.28	60.50	6.21	3.48
290.85	59.76	61.19	60.47	6.22	3.48
291.57	59.77	61.15	60.46	6.21	3.47
292.29	59.80	61.30	60.55	6.21	3.48
293.01	59.67	61.21	60.44	6.22	3.48
293.73	59.73	61.19	60.46	6.23	3.48
294.45	59.69	61.15	60.42	6.21	3.48
295.17	59.62	61.15	60.39	6.23	3.48
295.89	59.65	61.16	60.41	6.20	3.48
296.61	59.60	61.04	60.32	6.15	3.47
297.33	59.65	61.13	60.39	6.18	3.48
298.05	59.67	61.10	60.38	6.22	3.48
298.77	59.50	61.09	60.30	6.19	3.47
299.49	59.54	61.03	60.28	6.19	3.48
300.21	59.49	61.02	60.26	6.16	3.48
300.93	59.45	60.96	60.20	6.18	3.48
301.65	59.43	60.95	60.19	6.19	3.48
302.37	59.47	60.92	60.20	6.15	3.48
303.09	59.42	60.79	60.11	6.14	3.47
303.81	59.39	60.89	60.14	6.16	3.48
304.53	59.34	60.90	60.12	6.19	3.48
305.25	59.34	60.80	60.07	6.16	3.47
305.97	59.29	60.70	59.99	6.15	3.47
306.69	59.33	60.72	60.03	6.14	3.48
307.41	59.31	60.77	60.04	6.15	3.47
308.13	59.28	60.75	60.02	6.18	3.48
308.85	59.32	60.69	60.00	6.13	3.48
309.57	59.27	60.63	59.95	6.11	3.48
310.29	59.25	60.63	59.94	6.13	3.48
311.01	59.23	60.76	59.99	6.17	3.48
311.73	59.21	60.72	59.96	6.14	3.48
312.45	59.16	60.66	59.91	6.11	3.48
313.17	59.15	60.63	59.89	6.14	3.48
313.89	59.06	60.43	59.75	6.10	3.47
314.61	59.08	60.63	59.85	6.14	3.48
315.33	59.05	60.47	59.76	6.11	3.48
316.05	58.92	60.35	59.63	6.09	3.47
316.77	59.12	60.51	59.82	6.12	3.48
317.49	58.98	60.43	59.71	6.12	3.48
318.21	58.95	60.34	59.65	6.10	3.48
318.93	58.79	60.41	59.60	6.11	3.47
319.65	58.88	60.43	59.66	6.10	3.48
320.37	58.94	60.28	59.61	6.06	3.48
321.09	58.93	60.35	59.64	6.05	3.48
321.81	58.75	60.33	59.54	6.08	3.47
322.53	58.75	60.29	59.52	6.10	3.48
323.25	58.84	60.40	59.62	6.10	3.48
323.97	58.85	60.20	59.52	6.08	3.48
324.69	58.83	60.23	59.53	6.04	3.48
325.41	58.67	60.09	59.38	6.04	3.47
326.13	58.56	60.08	59.32	6.07	3.47
326.85	58.80	60.25	59.52	6.09	3.48
327.57	58.69	60.19	59.44	6.06	3.48
328.29	58.66	60.11	59.39	6.05	3.48
329.01	58.63	60.08	59.35	6.07	3.48
329.73	58.69	60.04	59.37	6.06	3.48
330.44	58.66	60.02	59.34	6.07	3.48
331.16	58.54	60.05	59.30	6.09	3.48
331.88	58.51	59.90	59.21	6.02	3.47
332.60	58.45	59.85	59.15	5.96	3.47
333.32	58.41	59.85	59.13	6.04	3.48
334.04	58.47	59.81	59.14	6.01	3.48
334.76	58.35	59.77	59.06	6.00	3.47
335.48	58.28	59.69	58.98	5.99	3.47
336.20	58.33	59.82	59.07	6.01	3.47
336.92	58.42	59.87	59.14	6.07	3.48
337.64	58.31	59.81	59.06	6.03	3.47
338.36	58.33	59.77	59.05	6.01	3.48
339.08	58.20	59.69	58.95	6.02	3.47
339.80	58.35	59.73	59.04	6.01	3.48
340.52	58.35	59.68	59.02	6.01	3.48
341.24	58.33	59.75	59.04	6.06	3.48
341.96	58.31	59.68	59.00	6.03	3.48
342.68	58.35	59.69	59.02	6.01	3.48
343.40	58.28	59.63	58.95	6.01	3.48
344.12	58.09	59.54	58.82	6.01	3.47
344.84	58.11	59.58	58.85	5.99	3.48
345.56	58.32	59.72	59.02	6.01	3.48
346.28	58.26	59.53	58.90	5.98	3.48
347.00	58.13	59.43	58.78	5.97	3.47
347.72	58.09	59.49	58.79	5.98	3.47
348.44	58.19	59.61	58.90	6.00	3.48
349.16	58.01	59.43	58.72	6.00	3.48